11.48, 0.83, 231.52
12.22, 0.75, 231.52
12.07, 0.75, 231.52
12.30, 0.76, 220.78
12.46, 0.73, 220.78
12.96, 0.78, 220.78
12.96, 0.77, 220.78
12.79, 0.79, 220.78
13.58, 0.81, 210.04
13.31, 0.80, 210.04
13.77, 0.71, 210.04
13.49, 0.76, 199.30
13.96, 0.66, 199.30
14.77, 0.81, 199.30
14.87, 0.81, 188.55
15.54, 0.83, 188.55
15.09, 0.82, 199.30
14.66, 0.82, 188.55
14.56, 0.82, 188.55
15.20, 0.80, 188.55
15.78, 0.79, 188.55
15.78, 0.81, 188.55
15.31, 0.78, 188.55
16.02, 0.81, 188.55
16.39, 0.80, 188.55
15.78, 0.79, 188.55
16.14, 0.78, 199.30
16.02, 0.79, 188.55
17.32, 0.78, 188.55
16.91, 0.78, 188.55
16.65, 0.78, 188.55
16.39, 0.79, 188.55
17.75, 0.78, 188.55
17.32, 0.78, 199.30
17.32, 0.80, 199.30
18.04, 0.80, 199.30
17.32, 0.78, 188.55
18.19, 0.77, 199.30
18.19, 0.79, 199.30
17.18, 0.80, 199.30
17.75, 0.79, 199.30
18.19, 0.79, 199.30
17.89, 0.80, 199.30
18.81, 0.81, 188.55
18.66, 0.79, 188.55
18.81, 0.80, 188.55
18.50, 0.80, 188.55
19.48, 0.79, 188.55
18.66, 0.79, 188.55
18.66, 0.80, 188.55
19.82, 0.80, 188.55
19.14, 0.80, 199.30
20.00, 0.79, 188.55
19.14, 0.80, 188.55
19.48, 0.80, 199.30
20.36, 0.80, 188.55
20.00, 0.80, 188.55
20.36, 0.79, 199.30
18.98, 0.79, 199.30
20.55, 0.80, 199.30
20.36, 0.80, 199.30
20.18, 0.80, 199.30
20.18, 0.80, 210.04
20.00, 0.80, 210.04
21.52, 0.81, 210.04
20.74, 0.79, 210.04
20.74, 0.80, 210.04
20.00, 0.80, 210.04
21.94, 0.79, 210.04
22.15, 0.80, 210.04
20.55, 0.80, 199.30
21.52, 0.79, 199.30
21.32, 0.79, 210.04
20.74, 0.79, 199.30
20.00, 0.80, 199.30
22.81, 0.80, 199.30
21.52, 0.79, 199.30
22.81, 0.80, 188.55
22.15, 0.80, 188.55
20.36, 0.80, 199.30
22.81, 0.79, 199.30
22.36, 0.78, 199.30
21.12, 0.79, 188.55
23.03, 0.79, 199.30
22.81, 0.79, 188.55
23.03, 0.80, 188.55
22.15, 0.80, 188.55
22.58, 0.80, 199.30
22.15, 0.80, 199.30
22.81, 0.80, 188.55
23.03, 0.80, 188.55
23.27, 0.79, 188.55
22.58, 0.80, 188.55
22.58, 0.79, 188.55
21.73, 0.79, 188.55
21.52, 0.79, 199.30
23.03, 0.80, 188.55
22.36, 0.78, 199.30
22.81, 0.79, 188.55
21.52, 0.79, 188.55
21.73, 0.80, 199.30
23.74, 0.79, 199.30
22.15, 0.79, 199.30
23.03, 0.80, 199.30
23.50, 0.80, 199.30
21.94, 0.79, 199.30
23.27, 0.79, 199.30
21.94, 0.79, 199.30
23.27, 0.79, 199.30
23.27, 0.79, 199.30
23.03, 0.79, 188.55
23.27, 0.80, 188.55
22.15, 0.78, 188.55
22.15, 0.79, 188.55
24.49, 0.79, 188.55
25.01, 0.80, 188.55
23.03, 0.80, 188.55
23.03, 0.79, 188.55
23.27, 0.79, 188.55
23.50, 0.80, 188.55
23.03, 0.80, 188.55
24.23, 0.80, 199.30
23.27, 0.80, 199.30
25.01, 0.79, 199.30
22.81, 0.79, 199.30
24.74, 0.79, 199.30
23.03, 0.80, 199.30
23.50, 0.79, 199.30
23.74, 0.79, 199.30
23.74, 0.79, 199.30
23.74, 0.79, 188.55
22.81, 0.79, 188.55
23.50, 0.79, 188.55
23.03, 0.80, 188.55
24.49, 0.80, 188.55
22.81, 0.79, 188.55
23.03, 0.79, 177.81
22.58, 0.79, 177.81
24.23, 0.79, 188.55
25.01, 0.79, 188.55
24.74, 0.79, 188.55
25.83, 0.80, 188.55
24.23, 0.81, 188.55
23.98, 0.79, 188.55
23.74, 0.79, 188.55
24.74, 0.80, 188.55
24.23, 0.80, 188.55
23.74, 0.79, 199.30
25.01, 0.79, 199.30
25.55, 0.79, 188.55
24.74, 0.80, 188.55
24.74, 0.80, 188.55
25.01, 0.80, 188.55
23.27, 0.78, 199.30
24.74, 0.79, 199.30
24.23, 0.80, 199.30
24.74, 0.80, 199.30
23.74, 0.79, 188.55
25.55, 0.79, 188.55
26.11, 0.80, 188.55
25.01, 0.79, 188.55
23.50, 0.79, 188.55
24.74, 0.80, 188.55
25.55, 0.79, 188.55
24.74, 0.79, 188.55
26.11, 0.79, 188.55
23.98, 0.81, 188.55
24.74, 0.79, 188.55
25.01, 0.79, 188.55
25.01, 0.79, 188.55
26.70, 0.79, 188.55
25.27, 0.80, 188.55
24.23, 0.79, 188.55
25.83, 0.79, 188.55
24.74, 0.80, 177.81
26.40, 0.80, 188.55
24.23, 0.79, 188.55
25.01, 0.80, 188.55
24.74, 0.79, 199.30
24.74, 0.79, 199.30
24.23, 0.80, 199.30
26.40, 0.80, 199.30
26.11, 0.80, 199.30
26.11, 0.80, 199.30
25.01, 0.79, 199.30
25.55, 0.79, 199.30
27.00, 0.79, 199.30
25.55, 0.79, 199.30
24.74, 0.80, 199.30
26.40, 0.80, 199.30
25.83, 0.80, 188.55
25.83, 0.80, 188.55
25.01, 0.79, 188.55
26.11, 0.80, 188.55
25.55, 0.79, 188.55
26.70, 0.79, 188.55
25.83, 0.79, 188.55
24.74, 0.80, 188.55
26.40, 0.79, 188.55
27.00, 0.80, 188.55
25.83, 0.79, 188.55
25.01, 0.79, 199.30
23.98, 0.80, 199.30
26.40, 0.80, 188.55
26.70, 0.81, 199.30
26.11, 0.79, 199.30
25.01, 0.79, 199.30
25.01, 0.79, 210.04
24.49, 0.79, 199.30
26.11, 0.79, 199.30
27.00, 0.79, 199.30
24.74, 0.79, 199.30
23.98, 0.79, 199.30
25.01, 0.79, 199.30
25.27, 0.80, 199.30
24.49, 0.79, 199.30
25.27, 0.79, 199.30
24.49, 0.79, 188.55
26.11, 0.80, 188.55
26.11, 0.80, 188.55
25.55, 0.79, 199.30
27.30, 0.79, 199.30
26.40, 0.79, 199.30
25.55, 0.79, 199.30
25.83, 0.80, 199.30
26.70, 0.79, 199.30
25.01, 0.79, 188.55
24.49, 0.79, 188.55
25.01, 0.79, 199.30
26.11, 0.79, 188.55
27.30, 0.79, 188.55
26.11, 0.79, 177.81
26.11, 0.80, 188.55
24.23, 0.79, 177.81
24.74, 0.80, 177.81
27.00, 0.80, 177.81
25.01, 0.79, 188.55
26.40, 0.79, 188.55
25.83, 0.80, 188.55
25.83, 0.80, 188.55
25.27, 0.80, 177.81
25.55, 0.80, 177.81
27.62, 0.79, 177.81
25.83, 0.80, 188.55
25.83, 0.80, 188.55
25.01, 0.80, 188.55
26.40, 0.79, 177.81
26.40, 0.79, 177.81
27.30, 0.79, 177.81
24.74, 0.80, 177.81
26.70, 0.80, 188.55
25.83, 0.80, 188.55
26.70, 0.80, 188.55
24.74, 0.79, 188.55
25.83, 0.79, 188.55
25.27, 0.79, 188.55
25.55, 0.81, 188.55
27.00, 0.80, 188.55
27.94, 0.80, 188.55
25.55, 0.79, 188.55
24.74, 0.79, 188.55
26.11, 0.79, 188.55
25.83, 0.80, 188.55
26.11, 0.80, 188.55
26.11, 0.79, 188.55
26.11, 0.80, 188.55
26.11, 0.80, 199.30
25.55, 0.80, 199.30
25.01, 0.80, 199.30
25.27, 0.79, 210.04
27.30, 0.80, 199.30
24.23, 0.80, 199.30
25.83, 0.79, 210.04
24.74, 0.80, 210.04
26.40, 0.79, 199.30
27.00, 0.79, 199.30
28.27, 0.79, 188.55
26.70, 0.79, 188.55
26.11, 0.80, 188.55
25.01, 0.79, 188.55
27.00, 0.79, 188.55
26.11, 0.80, 177.81
27.00, 0.79, 177.81
26.70, 0.80, 177.81
27.00, 0.79, 177.81
26.70, 0.80, 188.55
26.70, 0.79, 188.55
25.01, 0.80, 188.55
28.27, 0.80, 188.55
26.70, 0.80, 188.55
27.94, 0.79, 188.55
26.40, 0.79, 188.55
25.27, 0.79, 199.30
27.00, 0.80, 188.55
26.40, 0.80, 199.30
28.27, 0.78, 199.30
27.94, 0.79, 199.30
28.60, 0.79, 199.30
25.01, 0.80, 199.30
26.11, 0.81, 199.30
27.62, 0.79, 199.30
27.00, 0.79, 199.30
25.01, 0.80, 188.55
27.30, 0.80, 188.55
25.83, 0.79, 199.30
26.70, 0.79, 199.30
26.11, 0.80, 210.04
25.83, 0.80, 210.04
25.55, 0.80, 210.04
25.55, 0.80, 210.04
25.55, 0.80, 210.04
26.40, 0.79, 210.04
25.83, 0.79, 210.04
25.01, 0.80, 199.30
27.62, 0.80, 188.55
26.70, 0.80, 188.55
27.62, 0.79, 199.30
27.30, 0.79, 199.30
25.55, 0.79, 199.30
27.00, 0.79, 199.30
27.00, 0.80, 188.55
28.27, 0.80, 188.55
28.27, 0.79, 188.55
26.40, 0.80, 188.55
27.30, 0.80, 188.55
28.27, 0.79, 199.30
27.62, 0.79, 188.55
26.11, 0.79, 188.55
27.62, 0.79, 199.30
26.40, 0.79, 188.55
25.55, 0.80, 199.30
27.30, 0.79, 188.55
24.74, 0.79, 188.55
25.27, 0.79, 188.55
25.83, 0.80, 188.55
26.70, 0.79, 177.81
27.30, 0.80, 188.55
27.00, 0.79, 188.55
28.27, 0.78, 188.55
27.30, 0.79, 188.55
28.27, 0.79, 188.55
27.00, 0.79, 188.55
27.00, 0.80, 188.55
27.62, 0.79, 188.55
26.70, 0.79, 199.30
28.27, 0.80, 199.30
26.40, 0.79, 188.55
26.70, 0.80, 177.81
26.70, 0.79, 177.81
25.27, 0.79, 177.81
26.70, 0.80, 177.81
27.00, 0.79, 177.81
27.00, 0.80, 177.81
26.70, 0.80, 188.55
26.40, 0.79, 188.55
24.49, 0.80, 188.55
26.70, 0.80, 188.55
28.27, 0.80, 188.55
27.30, 0.81, 188.55
27.30, 0.80, 188.55
27.30, 0.80, 188.55
26.11, 0.80, 188.55
28.60, 0.80, 188.55
24.74, 0.80, 188.55
27.94, 0.81, 188.55
25.27, 0.80, 188.55
27.62, 0.81, 188.55
24.74, 0.80, 188.55
24.74, 0.80, 188.55
26.70, 0.81, 199.30
28.94, 0.81, 188.55
27.00, 0.80, 199.30
27.30, 0.80, 188.55
25.27, 0.80, 188.55
27.30, 0.80, 188.55
27.00, 0.80, 188.55
27.30, 0.79, 177.81
27.30, 0.80, 188.55
25.83, 0.80, 177.81
27.94, 0.80, 177.81
28.60, 0.80, 188.55
27.30, 0.80, 188.55
27.00, 0.81, 188.55
26.70, 0.80, 188.55
27.00, 0.80, 199.30
26.11, 0.80, 199.30
26.40, 0.80, 199.30
27.94, 0.80, 199.30
27.00, 0.80, 199.30
28.27, 0.81, 199.30
27.00, 0.80, 188.55
28.60, 0.80, 188.55
28.60, 0.80, 188.55
27.62, 0.80, 188.55
27.00, 0.79, 188.55
26.70, 0.80, 188.55
25.27, 0.81, 188.55
27.30, 0.80, 188.55
27.30, 0.80, 188.55
26.40, 0.80, 188.55
28.94, 0.80, 188.55
27.62, 0.81, 188.55
28.94, 0.81, 199.30
27.30, 0.80, 188.55
27.94, 0.80, 199.30
25.83, 0.80, 199.30
26.40, 0.81, 199.30
26.40, 0.80, 199.30
26.40, 0.80, 199.30
25.01, 0.80, 199.30
24.74, 0.81, 199.30
27.94, 0.81, 199.30
26.40, 0.81, 199.30
27.94, 0.82, 199.30
28.27, 0.80, 188.55
27.94, 0.80, 199.30
27.00, 0.80, 199.30
28.94, 0.80, 199.30
26.40, 0.80, 188.55
28.60, 0.80, 188.55
26.40, 0.80, 188.55
26.40, 0.80, 188.55
24.74, 0.80, 199.30
27.94, 0.80, 199.30
28.60, 0.81, 199.30
26.40, 0.80, 199.30
28.60, 0.81, 188.55
26.70, 0.81, 199.30
28.60, 0.81, 199.30
27.62, 0.80, 199.30
26.70, 0.81, 199.30
28.27, 0.80, 199.30
27.30, 0.80, 199.30
26.11, 0.80, 199.30
26.70, 0.80, 199.30
27.00, 0.80, 199.30
27.00, 0.80, 199.30
28.27, 0.79, 188.55
28.94, 0.80, 188.55
26.40, 0.80, 188.55
27.94, 0.80, 188.55
28.94, 0.80, 188.55
26.40, 0.80, 188.55
26.70, 0.79, 188.55
27.00, 0.80, 188.55
28.60, 0.80, 199.30
27.00, 0.79, 188.55
27.00, 0.80, 188.55
28.27, 0.79, 188.55
25.83, 0.81, 188.55
28.60, 0.81, 188.55
27.00, 0.80, 188.55
28.60, 0.80, 188.55
29.65, 0.80, 188.55
27.00, 0.79, 188.55
27.62, 0.80, 177.81
28.27, 0.81, 188.55
27.94, 0.80, 188.55
27.30, 0.80, 188.55
28.94, 0.79, 188.55
28.94, 0.81, 188.55
26.40, 0.80, 188.55
27.62, 0.81, 199.30
28.27, 0.80, 199.30
28.94, 0.80, 199.30
28.94, 0.80, 199.30
27.00, 0.80, 188.55
28.27, 0.80, 188.55
28.60, 0.80, 188.55
27.62, 0.80, 188.55
27.00, 0.81, 177.81
27.94, 0.81, 177.81
25.27, 0.81, 177.81
27.94, 0.80, 177.81
28.60, 0.80, 188.55
27.00, 0.80, 188.55
27.30, 0.80, 188.55
29.29, 0.81, 199.30
29.29, 0.80, 199.30
27.00, 0.80, 210.04
27.62, 0.80, 210.04
25.27, 0.80, 210.04
26.70, 0.80, 210.04
26.40, 0.80, 210.04
25.27, 0.80, 210.04
25.83, 0.80, 210.04
28.60, 0.79, 210.04
28.27, 0.80, 199.30
26.70, 0.80, 199.30
29.65, 0.80, 199.30
27.62, 0.80, 199.30
27.94, 0.81, 199.30
27.62, 0.80, 199.30
25.27, 0.81, 199.30
27.62, 0.80, 199.30
28.60, 0.80, 199.30
29.29, 0.80, 188.55
27.94, 0.81, 199.30
28.94, 0.80, 177.81
27.30, 0.81, 188.55
27.30, 0.81, 177.81
29.65, 0.80, 188.55
27.94, 0.80, 199.30
26.40, 0.80, 199.30
28.94, 0.81, 188.55
27.94, 0.81, 188.55
28.60, 0.80, 199.30
28.27, 0.80, 199.30
29.29, 0.80, 199.30
27.62, 0.81, 210.04
28.27, 0.81, 210.04
27.62, 0.82, 220.78
27.94, 0.81, 199.30
27.30, 0.80, 199.30
28.60, 0.80, 210.04
29.29, 0.81, 199.30
27.00, 0.80, 199.30
28.94, 0.80, 188.55
25.55, 0.80, 199.30
28.60, 0.80, 188.55
26.40, 0.81, 188.55
26.70, 0.80, 188.55
28.60, 0.80, 188.55
27.30, 0.80, 188.55
28.94, 0.79, 188.55
28.60, 0.80, 188.55
27.00, 0.80, 188.55
28.60, 0.80, 188.55
28.60, 0.81, 188.55
27.30, 0.80, 188.55
28.27, 0.81, 177.81
26.40, 0.81, 177.81
27.62, 0.81, 188.55
29.29, 0.80, 188.55
27.30, 0.80, 188.55
27.94, 0.81, 188.55
29.65, 0.81, 188.55
30.02, 0.81, 177.81
28.27, 0.80, 177.81
27.30, 0.80, 177.81
29.65, 0.80, 177.81
28.94, 0.79, 188.55
28.27, 0.81, 188.55
27.00, 0.81, 177.81
28.60, 0.80, 188.55
29.29, 0.80, 177.81
27.62, 0.79, 177.81
27.62, 0.81, 188.55
27.62, 0.80, 177.81
29.29, 0.80, 188.55
30.02, 0.81, 177.81
29.65, 0.80, 177.81
27.62, 0.80, 177.81
29.65, 0.80, 188.55
28.27, 0.82, 188.55
27.62, 0.80, 188.55
28.60, 0.80, 188.55
27.94, 0.81, 188.55
26.70, 0.82, 188.55
27.30, 0.80, 188.55
28.27, 0.80, 199.30
30.02, 0.80, 199.30
26.11, 0.80, 199.30
29.29, 0.80, 199.30
27.00, 0.81, 199.30
27.94, 0.80, 188.55
27.30, 0.80, 188.55
29.29, 0.81, 188.55
27.94, 0.80, 188.55
30.02, 0.80, 188.55
28.94, 0.80, 177.81
27.62, 0.80, 177.81
27.30, 0.80, 177.81
27.00, 0.80, 177.81
28.94, 0.80, 177.81
27.30, 0.81, 177.81
28.60, 0.80, 177.81
27.62, 0.80, 177.81
27.94, 0.80, 177.81
26.11, 0.81, 188.55
28.94, 0.81, 188.55
30.39, 0.80, 188.55
27.30, 0.81, 188.55
30.02, 0.80, 188.55
28.60, 0.80, 188.55
26.70, 0.80, 188.55
27.30, 0.81, 188.55
27.00, 0.80, 188.55
27.00, 0.79, 188.55
29.65, 0.80, 188.55
29.29, 0.80, 188.55
27.62, 0.80, 177.81
25.83, 0.81, 188.55
29.29, 0.80, 188.55
30.77, 0.79, 188.55
27.30, 0.80, 177.81
28.60, 0.79, 177.81
30.02, 0.80, 177.81
29.65, 0.80, 177.81
28.60, 0.79, 188.55
28.27, 0.80, 188.55
27.94, 0.80, 177.81
27.30, 0.80, 188.55
30.77, 0.80, 188.55
30.77, 0.80, 188.55
27.94, 0.80, 188.55
27.30, 0.80, 188.55
26.70, 0.80, 188.55
26.40, 0.80, 188.55
27.62, 0.80, 177.81
27.00, 0.79, 188.55
28.94, 0.80, 188.55
28.27, 0.81, 177.81
28.27, 0.80, 177.81
29.65, 0.80, 177.81
27.94, 0.81, 177.81
27.00, 0.80, 177.81
26.40, 0.80, 177.81
27.94, 0.82, 177.81
26.70, 0.81, 177.81
27.00, 0.80, 188.55
26.11, 0.81, 177.81
27.62, 0.81, 177.81
27.00, 0.80, 177.81
27.62, 0.80, 177.81
27.94, 0.80, 177.81
26.70, 0.80, 177.81
27.94, 0.80, 177.81
30.77, 0.80, 177.81
30.39, 0.80, 177.81
26.70, 0.81, 177.81
28.94, 0.81, 177.81
28.27, 0.80, 177.81
27.30, 0.80, 177.81
28.60, 0.79, 177.81
26.70, 0.80, 177.81
25.83, 0.80, 177.81
27.62, 0.81, 177.81
27.30, 0.80, 167.07
28.94, 0.81, 177.81
27.30, 0.81, 177.81
28.27, 0.80, 188.55
28.27, 0.81, 188.55
27.62, 0.80, 188.55
28.60, 0.80, 188.55
28.94, 0.80, 199.30
27.62, 0.80, 199.30
27.94, 0.80, 199.30
30.02, 0.80, 199.30
26.40, 0.79, 188.55
29.65, 0.80, 188.55
28.60, 0.80, 188.55
28.94, 0.80, 188.55
27.94, 0.80, 188.55
26.70, 0.80, 188.55
26.70, 0.79, 188.55
28.60, 0.80, 188.55
26.70, 0.80, 188.55
27.00, 0.81, 177.81
27.30, 0.81, 177.81
26.70, 0.80, 177.81
27.00, 0.80, 188.55
27.62, 0.80, 188.55
28.60, 0.81, 188.55
27.00, 0.80, 177.81
28.94, 0.80, 177.81
29.29, 0.81, 177.81
26.11, 0.80, 188.55
29.65, 0.81, 188.55
27.30, 0.81, 188.55
28.60, 0.81, 188.55
28.27, 0.81, 188.55
27.00, 0.80, 188.55
26.40, 0.81, 188.55
27.00, 0.80, 177.81
28.27, 0.82, 188.55
26.70, 0.80, 188.55
28.27, 0.80, 188.55
27.62, 0.81, 188.55
27.62, 0.81, 188.55
27.94, 0.80, 188.55
27.62, 0.81, 188.55
29.65, 0.81, 188.55
27.94, 0.80, 188.55
27.62, 0.80, 188.55
26.40, 0.81, 188.55
30.77, 0.80, 177.81
26.70, 0.80, 177.81
28.60, 0.80, 177.81
27.00, 0.80, 177.81
28.27, 0.81, 177.81
30.02, 0.81, 177.81
27.62, 0.80, 177.81
27.00, 0.81, 177.81
27.30, 0.80, 177.81
27.30, 0.80, 177.81
29.65, 0.82, 188.55
29.65, 0.81, 188.55
27.62, 0.80, 188.55
28.94, 0.80, 188.55
27.62, 0.80, 188.55
27.94, 0.81, 188.55
27.30, 0.80, 188.55
28.94, 0.80, 177.81
30.02, 0.79, 188.55
27.62, 0.80, 188.55
28.60, 0.80, 188.55
28.60, 0.80, 177.81
29.29, 0.81, 177.81
27.30, 0.80, 177.81
27.30, 0.80, 177.81
27.30, 0.79, 177.81
29.29, 0.80, 167.07
30.02, 0.80, 177.81
25.27, 0.80, 177.81
28.60, 0.80, 177.81
26.40, 0.80, 177.81
26.70, 0.80, 177.81
27.62, 0.80, 188.55
27.62, 0.80, 188.55
28.94, 0.80, 188.55
30.02, 0.80, 188.55
27.62, 0.80, 199.30
29.29, 0.80, 199.30
30.39, 0.81, 188.55
28.60, 0.80, 188.55
27.62, 0.80, 188.55
27.94, 0.80, 188.55
27.00, 0.81, 177.81
27.62, 0.80, 188.55
27.94, 0.80, 177.81
30.02, 0.80, 177.81
27.00, 0.80, 177.81
28.27, 0.80, 177.81
28.60, 0.80, 167.07
28.27, 0.80, 177.81
29.65, 0.79, 167.07
28.60, 0.79, 167.07
27.62, 0.80, 177.81
26.70, 0.80, 167.07
27.62, 0.80, 177.81
27.00, 0.80, 177.81
30.77, 0.80, 177.81
30.77, 0.79, 177.81
30.02, 0.79, 177.81
31.56, 0.81, 177.81
28.60, 0.80, 177.81
30.39, 0.80, 177.81
28.27, 0.80, 177.81
30.77, 0.80, 177.81
30.02, 0.80, 177.81
28.94, 0.80, 177.81
28.27, 0.81, 167.07
26.70, 0.79, 167.07
27.30, 0.80, 167.07
27.94, 0.80, 167.07
29.29, 0.81, 177.81
28.60, 0.80, 177.81
28.94, 0.80, 177.81
27.94, 0.82, 177.81
28.27, 0.80, 177.81
28.94, 0.80, 177.81
30.77, 0.80, 177.81
30.02, 0.80, 177.81
29.29, 0.81, 199.30
27.62, 0.81, 199.30
28.27, 0.80, 199.30
28.60, 0.80, 199.30
29.29, 0.80, 188.55
29.65, 0.80, 199.30
27.62, 0.80, 210.04
29.65, 0.80, 199.30
29.65, 0.80, 210.04
28.27, 0.80, 199.30
29.65, 0.80, 188.55
29.29, 0.79, 188.55
30.39, 0.80, 188.55
27.94, 0.80, 188.55
27.30, 0.81, 199.30
28.27, 0.81, 199.30
26.70, 0.81, 188.55
27.62, 0.79, 188.55
27.00, 0.80, 199.30
29.65, 0.81, 210.04
29.65, 0.80, 210.04
25.27, 0.80, 210.04
27.62, 0.80, 220.78
30.02, 0.80, 210.04
29.65, 0.80, 210.04
29.65, 0.80, 199.30
29.65, 0.80, 199.30
29.65, 0.81, 210.04
27.00, 0.79, 188.55
27.62, 0.80, 188.55
30.77, 0.80, 188.55
28.60, 0.81, 188.55
28.94, 0.81, 188.55
27.30, 0.79, 188.55
26.40, 0.80, 188.55
29.29, 0.80, 188.55
27.62, 0.80, 188.55
27.94, 0.80, 188.55
27.94, 0.80, 188.55
28.94, 0.80, 188.55
27.62, 0.80, 177.81
26.40, 0.80, 177.81
28.94, 0.80, 177.81
27.62, 0.81, 177.81
27.94, 0.80, 188.55
27.30, 0.79, 188.55
30.77, 0.79, 188.55
28.94, 0.81, 199.30
30.02, 0.80, 199.30
28.27, 0.80, 199.30
28.27, 0.80, 199.30
27.00, 0.80, 199.30
26.11, 0.79, 199.30
27.94, 0.80, 199.30
30.77, 0.80, 199.30
26.40, 0.79, 188.55
29.65, 0.80, 188.55
28.60, 0.81, 177.81
28.94, 0.80, 177.81
27.30, 0.80, 177.81
28.94, 0.80, 188.55
28.60, 0.79, 177.81
27.00, 0.80, 188.55
29.65, 0.80, 188.55
30.39, 0.80, 188.55
30.39, 0.80, 188.55
27.94, 0.79, 188.55
27.30, 0.79, 188.55
30.39, 0.80, 188.55
29.29, 0.80, 199.30
28.60, 0.80, 188.55
26.70, 0.80, 188.55
29.65, 0.81, 188.55
27.62, 0.79, 188.55
28.60, 0.79, 199.30
30.02, 0.80, 199.30
28.27, 0.80, 199.30
27.62, 0.80, 188.55
27.30, 0.80, 188.55
29.65, 0.80, 177.81
28.60, 0.81, 188.55
29.65, 0.80, 199.30
30.39, 0.80, 188.55
27.94, 0.80, 188.55
28.60, 0.80, 188.55
31.56, 0.81, 188.55
29.29, 0.80, 188.55
28.94, 0.80, 199.30
28.27, 0.80, 199.30
27.30, 0.80, 199.30
28.60, 0.79, 199.30
28.27, 0.80, 188.55
28.60, 0.81, 188.55
29.29, 0.80, 199.30
27.30, 0.79, 188.55
27.62, 0.80, 188.55
28.60, 0.80, 188.55
27.30, 0.80, 188.55
29.29, 0.80, 199.30
29.29, 0.81, 188.55
28.94, 0.80, 188.55
29.29, 0.81, 188.55
30.02, 0.80, 188.55
30.77, 0.79, 177.81
28.60, 0.80, 177.81
27.30, 0.81, 188.55
29.65, 0.79, 199.30
30.02, 0.80, 199.30
30.02, 0.80, 199.30
26.40, 0.81, 199.30
28.60, 0.80, 199.30
30.39, 0.79, 199.30
27.30, 0.79, 210.04
26.70, 0.79, 210.04
26.11, 0.79, 210.04
29.65, 0.79, 199.30
28.27, 0.79, 199.30
27.00, 0.79, 199.30
30.39, 0.80, 199.30
30.02, 0.80, 188.55
26.40, 0.80, 188.55
27.94, 0.80, 188.55
30.77, 0.80, 188.55
29.29, 0.79, 188.55
30.77, 0.80, 188.55
27.30, 0.80, 188.55
30.39, 0.80, 188.55
30.77, 0.81, 188.55
28.27, 0.80, 188.55
29.65, 0.80, 188.55
27.00, 0.80, 188.55
27.00, 0.80, 188.55
27.00, 0.80, 199.30
29.29, 0.80, 199.30
28.60, 0.79, 199.30
30.77, 0.80, 199.30
28.27, 0.81, 199.30
27.30, 0.81, 199.30
30.39, 0.81, 188.55
30.77, 0.80, 199.30
31.56, 0.80, 199.30
29.29, 0.80, 199.30
29.65, 0.80, 199.30
30.39, 0.81, 199.30
30.02, 0.80, 188.55
27.62, 0.81, 188.55
28.94, 0.80, 188.55
30.02, 0.80, 188.55
31.16, 0.80, 188.55
29.65, 0.80, 188.55
28.60, 0.81, 188.55
26.11, 0.80, 188.55
27.30, 0.81, 188.55
27.00, 0.80, 188.55
29.29, 0.80, 188.55
27.00, 0.80, 188.55
30.02, 0.80, 188.55
30.77, 0.80, 188.55
26.11, 0.81, 188.55
27.94, 0.80, 188.55
30.77, 0.80, 188.55
28.94, 0.80, 188.55
30.77, 0.80, 188.55
27.30, 0.80, 177.81
28.60, 0.80, 188.55
27.00, 0.80, 188.55
28.94, 0.80, 188.55
27.00, 0.80, 177.81
28.60, 0.79, 177.81
27.62, 0.80, 188.55
29.65, 0.80, 188.55
29.65, 0.80, 188.55
28.27, 0.79, 188.55
27.94, 0.79, 188.55
28.94, 0.80, 188.55
29.65, 0.80, 188.55
27.00, 0.80, 188.55
27.30, 0.80, 188.55
26.11, 0.80, 188.55
27.30, 0.79, 188.55
29.29, 0.80, 188.55
27.62, 0.80, 188.55
28.94, 0.81, 188.55
27.94, 0.81, 188.55
27.30, 0.79, 188.55
30.39, 0.80, 188.55
29.65, 0.81, 188.55
29.29, 0.82, 188.55
30.77, 0.80, 188.55
30.02, 0.79, 177.81
27.62, 0.80, 177.81
28.27, 0.80, 177.81
30.39, 0.80, 188.55
27.94, 0.80, 188.55
27.30, 0.80, 188.55
29.65, 0.80, 177.81
29.29, 0.80, 188.55
28.94, 0.80, 188.55
27.62, 0.80, 188.55
28.60, 0.80, 188.55
27.00, 0.79, 188.55
29.65, 0.80, 188.55
27.00, 0.80, 177.81
27.00, 0.80, 177.81
28.60, 0.81, 177.81
29.65, 0.79, 177.81
28.27, 0.80, 177.81
28.60, 0.80, 177.81
27.30, 0.80, 177.81
31.16, 0.81, 177.81
27.94, 0.80, 188.55
27.30, 0.79, 188.55
30.39, 0.79, 188.55
28.94, 0.80, 188.55
27.94, 0.81, 188.55
30.39, 0.80, 199.30
27.30, 0.80, 188.55
30.02, 0.80, 188.55
29.65, 0.79, 188.55
26.11, 0.80, 188.55
29.65, 0.80, 188.55
30.02, 0.80, 188.55
28.94, 0.80, 188.55
26.11, 0.80, 188.55
27.30, 0.80, 188.55
26.40, 0.80, 188.55
27.30, 0.81, 177.81
29.29, 0.80, 177.81
28.94, 0.79, 177.81
29.65, 0.79, 177.81
27.30, 0.81, 177.81
29.29, 0.80, 177.81
29.65, 0.81, 188.55
29.65, 0.79, 188.55
30.77, 0.81, 188.55
28.94, 0.80, 188.55
27.30, 0.80, 199.30
27.94, 0.80, 199.30
27.94, 0.80, 199.30
29.65, 0.79, 199.30
30.02, 0.80, 199.30
30.02, 0.80, 199.30
31.16, 0.80, 199.30
29.65, 0.80, 199.30
29.65, 0.81, 199.30
30.39, 0.81, 199.30
30.39, 0.80, 188.55
30.02, 0.81, 188.55
29.29, 0.80, 188.55
28.27, 0.80, 188.55
27.62, 0.80, 199.30
27.30, 0.80, 188.55
29.65, 0.79, 188.55
28.27, 0.79, 188.55
29.29, 0.80, 188.55
26.70, 0.80, 188.55
27.00, 0.80, 188.55
29.29, 0.79, 188.55
30.77, 0.80, 188.55
28.60, 0.81, 188.55
29.65, 0.80, 177.81
27.94, 0.80, 188.55
30.02, 0.80, 177.81
26.40, 0.79, 177.81
29.65, 0.80, 188.55
27.00, 0.80, 177.81
27.30, 0.80, 177.81
27.94, 0.81, 177.81
28.94, 0.80, 177.81
28.94, 0.80, 177.81
27.94, 0.80, 188.55
29.65, 0.80, 188.55
27.00, 0.80, 188.55
29.65, 0.79, 188.55
26.11, 0.80, 177.81
27.30, 0.80, 177.81
27.94, 0.80, 177.81
30.39, 0.80, 177.81
30.02, 0.80, 177.81
30.39, 0.80, 177.81
28.27, 0.80, 177.81
27.94, 0.80, 177.81
28.60, 0.80, 177.81
28.27, 0.80, 177.81
29.29, 0.80, 167.07
27.30, 0.80, 177.81
27.30, 0.79, 177.81
25.01, 0.80, 177.81
27.30, 0.81, 177.81
29.29, 0.80, 177.81
27.94, 0.80, 177.81
26.40, 0.79, 177.81
28.60, 0.81, 177.81
28.94, 0.79, 188.55
27.94, 0.79, 188.55
27.30, 0.80, 188.55
27.94, 0.80, 177.81
30.39, 0.80, 177.81
28.60, 0.80, 177.81
26.40, 0.80, 177.81
27.00, 0.80, 177.81
26.11, 0.79, 167.07
29.29, 0.80, 167.07
29.29, 0.81, 167.07
26.70, 0.80, 167.07
27.94, 0.79, 167.07
28.60, 0.80, 167.07
29.29, 0.80, 167.07
26.11, 0.81, 177.81
30.77, 0.81, 177.81
29.65, 0.81, 177.81
28.60, 0.80, 188.55
28.27, 0.80, 188.55
30.39, 0.81, 188.55
29.29, 0.80, 177.81
29.65, 0.81, 177.81
28.27, 0.80, 177.81
27.30, 0.79, 188.55
27.94, 0.80, 177.81
27.94, 0.80, 177.81
30.39, 0.80, 177.81
28.94, 0.80, 177.81
26.40, 0.80, 177.81
28.60, 0.80, 188.55
27.30, 0.79, 188.55
29.65, 0.81, 188.55
27.00, 0.80, 188.55
26.40, 0.80, 188.55
28.94, 0.79, 188.55
31.16, 0.80, 199.30
30.39, 0.79, 199.30
26.40, 0.80, 188.55
29.65, 0.80, 188.55
27.30, 0.80, 188.55
27.00, 0.80, 188.55
31.16, 0.80, 177.81
31.16, 0.80, 177.81
30.02, 0.80, 177.81
29.65, 0.80, 177.81
28.94, 0.80, 177.81
32.39, 0.80, 177.81
28.60, 0.80, 177.81
27.30, 0.80, 188.55
29.29, 0.80, 188.55
27.94, 0.79, 188.55
28.60, 0.81, 177.81
28.27, 0.80, 177.81
27.94, 0.81, 177.81
30.02, 0.80, 177.81
29.65, 0.80, 177.81
28.60, 0.79, 177.81
27.30, 0.79, 177.81
31.56, 0.79, 177.81
29.65, 0.80, 177.81
29.65, 0.80, 177.81
29.29, 0.80, 188.55
29.65, 0.79, 188.55
28.94, 0.80, 188.55
30.77, 0.80, 199.30
29.65, 0.80, 188.55
29.29, 0.80, 199.30
28.27, 0.80, 199.30
28.60, 0.80, 199.30
28.60, 0.80, 188.55
28.94, 0.80, 188.55
27.94, 0.80, 188.55
30.39, 0.80, 177.81
28.60, 0.79, 177.81
31.16, 0.81, 177.81
28.94, 0.80, 188.55
28.60, 0.80, 188.55
27.94, 0.80, 188.55
30.02, 0.80, 188.55
27.30, 0.80, 188.55
30.39, 0.81, 188.55
27.00, 0.81, 188.55
31.16, 0.81, 188.55
28.60, 0.81, 188.55
29.29, 0.82, 188.55
27.30, 0.81, 188.55
27.62, 0.81, 188.55
28.94, 0.81, 188.55
30.02, 0.81, 199.30
30.02, 0.80, 199.30
31.56, 0.80, 188.55
28.94, 0.81, 188.55
27.00, 0.81, 199.30
30.39, 0.82, 199.30
28.27, 0.81, 199.30
27.30, 0.80, 199.30
28.60, 0.80, 188.55
31.16, 0.81, 188.55
30.02, 0.81, 188.55
28.60, 0.80, 188.55
31.56, 0.81, 188.55
32.39, 0.80, 188.55
30.02, 0.80, 188.55
28.94, 0.80, 177.81
31.16, 0.80, 188.55
27.30, 0.82, 188.55
31.16, 0.80, 188.55
29.65, 0.80, 188.55
29.29, 0.81, 188.55
31.16, 0.80, 199.30
29.65, 0.80, 199.30
28.94, 0.79, 199.30
28.94, 0.80, 199.30
27.94, 0.80, 210.04
27.30, 0.80, 199.30
30.02, 0.80, 199.30
28.60, 0.80, 188.55
27.30, 0.80, 188.55
27.94, 0.79, 199.30
27.62, 0.80, 199.30
29.65, 0.81, 199.30
28.60, 0.80, 199.30
28.94, 0.79, 188.55
30.02, 0.80, 188.55
28.27, 0.79, 199.30
28.27, 0.80, 199.30
30.77, 0.80, 199.30
27.62, 0.79, 199.30
26.11, 0.79, 188.55
29.65, 0.80, 188.55
28.94, 0.79, 188.55
27.30, 0.79, 177.81
28.60, 0.80, 188.55
29.65, 0.80, 188.55
30.77, 0.79, 177.81
28.94, 0.79, 177.81
29.29, 0.80, 177.81
30.39, 0.81, 177.81
29.65, 0.80, 177.81
28.94, 0.80, 177.81
30.02, 0.80, 177.81
27.94, 0.81, 177.81
27.94, 0.79, 177.81
26.40, 0.80, 177.81
26.40, 0.80, 188.55
30.02, 0.80, 177.81
27.94, 0.79, 177.81
28.27, 0.79, 188.55
30.02, 0.80, 188.55
31.56, 0.79, 188.55
26.40, 0.80, 188.55
30.02, 0.79, 177.81
30.39, 0.80, 177.81
31.16, 0.79, 177.81
28.60, 0.80, 177.81
31.97, 0.80, 177.81
30.39, 0.80, 177.81
29.65, 0.80, 188.55
26.11, 0.80, 177.81
28.94, 0.79, 177.81
31.56, 0.80, 177.81
31.56, 0.80, 177.81
27.94, 0.80, 188.55
30.39, 0.80, 188.55
29.65, 0.80, 199.30
31.16, 0.80, 188.55
28.60, 0.80, 188.55
28.94, 0.80, 188.55
27.30, 0.80, 188.55
29.65, 0.81, 188.55
29.65, 0.80, 188.55
27.94, 0.81, 199.30
30.39, 0.80, 188.55
30.77, 0.81, 188.55
29.65, 0.81, 188.55
30.39, 0.81, 188.55
27.94, 0.80, 199.30
30.39, 0.79, 188.55
28.94, 0.80, 199.30
28.94, 0.80, 199.30
29.65, 0.81, 188.55
30.39, 0.80, 188.55
29.29, 0.80, 188.55
30.39, 0.80, 188.55
30.02, 0.80, 188.55
30.02, 0.81, 177.81
28.60, 0.80, 177.81
31.16, 0.81, 177.81
29.65, 0.80, 177.81
29.65, 0.80, 177.81
30.77, 0.80, 177.81
28.27, 0.80, 177.81
27.94, 0.80, 177.81
30.39, 0.80, 177.81
30.39, 0.79, 177.81
31.16, 0.79, 177.81
28.94, 0.80, 177.81
31.56, 0.81, 177.81
30.39, 0.80, 177.81
28.27, 0.79, 177.81
31.56, 0.80, 188.55
31.97, 0.80, 188.55
31.16, 0.80, 188.55
31.16, 0.80, 188.55
30.39, 0.80, 188.55
30.77, 0.79, 188.55
29.29, 0.79, 188.55
29.65, 0.80, 188.55
30.39, 0.80, 188.55
28.94, 0.80, 177.81
30.77, 0.80, 177.81
29.29, 0.80, 177.81
30.39, 0.80, 177.81
28.94, 0.80, 177.81
31.16, 0.80, 177.81
31.16, 0.80, 177.81
31.97, 0.79, 177.81
29.65, 0.80, 177.81
27.30, 0.79, 188.55
28.94, 0.80, 177.81
29.29, 0.81, 177.81
31.16, 0.80, 177.81
30.39, 0.79, 177.81
28.27, 0.80, 177.81
28.60, 0.80, 177.81
32.39, 0.81, 167.07
30.02, 0.80, 177.81
30.77, 0.80, 177.81
26.70, 0.79, 177.81
26.40, 0.79, 177.81
29.65, 0.80, 177.81
28.27, 0.80, 177.81
29.65, 0.80, 177.81
28.94, 0.80, 177.81
29.29, 0.80, 188.55
30.77, 0.79, 188.55
30.39, 0.79, 188.55
30.02, 0.81, 177.81
29.65, 0.80, 177.81
30.39, 0.80, 177.81
28.27, 0.79, 177.81
30.02, 0.79, 177.81
29.65, 0.79, 177.81
31.16, 0.80, 188.55
31.16, 0.79, 177.81
28.27, 0.80, 177.81
29.29, 0.80, 188.55
27.94, 0.80, 188.55
30.39, 0.79, 188.55
29.65, 0.79, 188.55
29.29, 0.79, 188.55
27.62, 0.80, 188.55
30.02, 0.80, 188.55
26.11, 0.79, 177.81
27.00, 0.79, 177.81
30.02, 0.80, 177.81
30.77, 0.80, 177.81
27.30, 0.80, 177.81
29.65, 0.80, 177.81
29.29, 0.79, 177.81
27.30, 0.80, 177.81
29.29, 0.81, 177.81
27.94, 0.80, 177.81
31.16, 0.79, 177.81
27.94, 0.79, 177.81
31.56, 0.80, 188.55
28.27, 0.79, 177.81
30.02, 0.80, 177.81
29.65, 0.80, 188.55
29.65, 0.80, 177.81
28.27, 0.79, 188.55
27.00, 0.79, 188.55
27.30, 0.80, 188.55
26.11, 0.79, 188.55
28.60, 0.79, 188.55
30.77, 0.79, 177.81
31.16, 0.79, 177.81
27.94, 0.80, 177.81
31.16, 0.80, 177.81
27.00, 0.80, 177.81
31.16, 0.79, 177.81
29.65, 0.79, 177.81
27.30, 0.80, 177.81
30.77, 0.80, 177.81
30.39, 0.80, 177.81
30.02, 0.80, 177.81
30.39, 0.80, 177.81
27.62, 0.79, 177.81
30.39, 0.79, 177.81
29.65, 0.80, 177.81
30.02, 0.79, 177.81
28.60, 0.79, 177.81
28.60, 0.79, 177.81
29.29, 0.79, 177.81
28.94, 0.79, 167.07
31.16, 0.79, 177.81
28.60, 0.79, 177.81
27.94, 0.80, 177.81
29.65, 0.79, 177.81
28.27, 0.80, 177.81
31.56, 0.79, 177.81
29.65, 0.79, 177.81
29.65, 0.80, 177.81
27.62, 0.79, 177.81
28.27, 0.80, 177.81
28.27, 0.79, 177.81
31.16, 0.79, 177.81
28.94, 0.79, 177.81
30.39, 0.79, 188.55
30.39, 0.80, 177.81
27.62, 0.80, 188.55
31.56, 0.79, 188.55
29.29, 0.80, 188.55
27.62, 0.79, 188.55
28.27, 0.80, 177.81
28.27, 0.80, 177.81
28.27, 0.79, 177.81
29.29, 0.80, 177.81
26.70, 0.80, 177.81
32.39, 0.80, 177.81
30.77, 0.79, 177.81
30.39, 0.80, 177.81
29.65, 0.80, 177.81
29.29, 0.80, 188.55
27.30, 0.80, 188.55
30.02, 0.80, 188.55
31.16, 0.80, 188.55
28.94, 0.80, 188.55
27.30, 0.79, 188.55
28.60, 0.79, 188.55
28.60, 0.79, 188.55
27.94, 0.79, 188.55
28.27, 0.80, 188.55
28.94, 0.80, 188.55
29.65, 0.80, 188.55
29.65, 0.79, 188.55
27.94, 0.80, 188.55
30.39, 0.80, 188.55
28.27, 0.79, 199.30
28.60, 0.80, 188.55
30.02, 0.80, 188.55
27.62, 0.79, 199.30
30.77, 0.80, 199.30
27.00, 0.80, 210.04
29.29, 0.80, 210.04
30.39, 0.80, 199.30
29.65, 0.80, 199.30
28.94, 0.80, 199.30
31.16, 0.79, 199.30
28.94, 0.80, 199.30
28.60, 0.80, 199.30
28.27, 0.80, 188.55
27.94, 0.79, 177.81
29.29, 0.79, 177.81
29.65, 0.79, 177.81
26.70, 0.79, 177.81
28.60, 0.79, 177.81
27.00, 0.80, 177.81
30.02, 0.79, 177.81
30.39, 0.79, 177.81
27.62, 0.79, 188.55
28.60, 0.80, 177.81
27.94, 0.81, 177.81
30.02, 0.80, 177.81
27.62, 0.80, 177.81
30.39, 0.80, 177.81
30.02, 0.80, 177.81
29.29, 0.80, 177.81
27.62, 0.80, 177.81
30.39, 0.80, 177.81
31.56, 0.79, 177.81
28.94, 0.80, 177.81
30.02, 0.80, 188.55
27.94, 0.80, 188.55
31.16, 0.80, 188.55
28.27, 0.80, 188.55
27.00, 0.81, 188.55
28.27, 0.80, 188.55
26.40, 0.79, 188.55
29.65, 0.80, 188.55
30.77, 0.80, 177.81
28.94, 0.79, 177.81
27.94, 0.79, 177.81
29.65, 0.79, 177.81
30.02, 0.79, 177.81
29.29, 0.80, 177.81
28.60, 0.79, 177.81
31.16, 0.79, 177.81
29.65, 0.80, 177.81
27.94, 0.80, 177.81
30.02, 0.80, 177.81
31.56, 0.80, 177.81
27.94, 0.80, 188.55
28.94, 0.80, 177.81
29.65, 0.80, 188.55
30.77, 0.80, 177.81
28.27, 0.79, 177.81
27.62, 0.79, 188.55
30.39, 0.79, 188.55
27.94, 0.79, 188.55
31.16, 0.80, 188.55
31.16, 0.80, 188.55
28.60, 0.80, 188.55
30.39, 0.80, 199.30
27.94, 0.80, 199.30
30.39, 0.79, 199.30
30.39, 0.79, 188.55
31.16, 0.79, 188.55
30.02, 0.79, 188.55
29.65, 0.79, 188.55
29.29, 0.79, 199.30
27.94, 0.80, 188.55
28.94, 0.79, 188.55
30.39, 0.79, 188.55
28.94, 0.79, 188.55
27.00, 0.80, 188.55
27.00, 0.79, 188.55
27.00, 0.79, 188.55
29.65, 0.79, 188.55
31.16, 0.79, 188.55
27.62, 0.80, 177.81
28.60, 0.79, 188.55
27.94, 0.79, 188.55
27.94, 0.79, 188.55
29.29, 0.79, 188.55
27.94, 0.79, 188.55
28.60, 0.80, 188.55
27.62, 0.80, 188.55
28.94, 0.80, 199.30
30.77, 0.79, 199.30
28.27, 0.79, 199.30
27.94, 0.79, 188.55
28.60, 0.80, 188.55
27.94, 0.80, 188.55
29.65, 0.79, 188.55
29.29, 0.79, 188.55
26.40, 0.79, 188.55
28.60, 0.79, 188.55
27.94, 0.80, 188.55
27.30, 0.80, 188.55
29.29, 0.80, 188.55
29.65, 0.80, 188.55
30.02, 0.79, 188.55
27.00, 0.79, 199.30
28.27, 0.79, 199.30
30.39, 0.79, 199.30
30.02, 0.79, 199.30
29.65, 0.78, 199.30
28.60, 0.78, 199.30
27.30, 0.78, 199.30
27.30, 0.81, 188.55
28.27, 0.79, 188.55
28.94, 0.80, 188.55
28.94, 0.79, 188.55
27.62, 0.79, 188.55
29.65, 0.79, 188.55
30.02, 0.79, 188.55
27.94, 0.80, 177.81
27.62, 0.80, 177.81
30.39, 0.79, 188.55
28.27, 0.80, 199.30
27.00, 0.79, 199.30
30.39, 0.80, 199.30
27.00, 0.80, 199.30
30.39, 0.79, 199.30
27.94, 0.80, 188.55
27.94, 0.79, 199.30
29.29, 0.80, 199.30
30.02, 0.80, 199.30
28.27, 0.80, 188.55
30.02, 0.79, 188.55
27.94, 0.80, 177.81
29.29, 0.79, 177.81
30.77, 0.80, 177.81
27.30, 0.81, 177.81
29.29, 0.80, 188.55
29.29, 0.80, 188.55
27.00, 0.80, 188.55
30.39, 0.80, 188.55
28.60, 0.80, 188.55
28.27, 0.80, 188.55
27.00, 0.80, 188.55
28.27, 0.79, 188.55
28.94, 0.79, 188.55
31.16, 0.79, 188.55
26.70, 0.79, 188.55
28.27, 0.80, 188.55
30.02, 0.79, 188.55
27.94, 0.79, 188.55
30.02, 0.79, 188.55
31.16, 0.79, 188.55
29.29, 0.80, 188.55
28.27, 0.81, 188.55
28.27, 0.79, 199.30
30.77, 0.79, 188.55
28.94, 0.79, 188.55
28.94, 0.79, 188.55
27.94, 0.80, 188.55
28.94, 0.79, 177.81
30.02, 0.79, 188.55
28.60, 0.79, 188.55
28.94, 0.79, 177.81
27.62, 0.80, 188.55
27.00, 0.79, 177.81
31.56, 0.80, 188.55
29.65, 0.80, 188.55
28.94, 0.79, 188.55
31.56, 0.79, 177.81
29.29, 0.79, 188.55
26.40, 0.79, 177.81
29.65, 0.79, 188.55
29.29, 0.80, 199.30
29.65, 0.79, 199.30
27.94, 0.79, 188.55
28.27, 0.80, 188.55
28.94, 0.80, 188.55
28.94, 0.80, 188.55
28.94, 0.80, 188.55
27.00, 0.79, 188.55
30.02, 0.80, 188.55
30.02, 0.80, 188.55
30.02, 0.80, 177.81
29.65, 0.80, 177.81
30.77, 0.81, 188.55
27.94, 0.79, 188.55
28.27, 0.80, 199.30
28.60, 0.80, 199.30
28.60, 0.79, 199.30
27.94, 0.80, 199.30
28.60, 0.80, 199.30
26.70, 0.79, 199.30
27.00, 0.80, 199.30
27.94, 0.80, 199.30
29.29, 0.79, 188.55
29.29, 0.80, 188.55
27.94, 0.79, 177.81
28.27, 0.79, 188.55
29.29, 0.79, 188.55
30.39, 0.79, 188.55
29.65, 0.80, 188.55
31.16, 0.81, 188.55
29.65, 0.80, 188.55
30.02, 0.80, 188.55
29.65, 0.80, 199.30
25.83, 0.79, 199.30
29.65, 0.79, 199.30
31.16, 0.80, 188.55
29.29, 0.79, 188.55
30.02, 0.80, 188.55
30.77, 0.79, 188.55
29.29, 0.80, 188.55
28.27, 0.79, 188.55
31.16, 0.79, 188.55
28.94, 0.79, 188.55
30.77, 0.80, 188.55
28.60, 0.79, 188.55
27.30, 0.80, 188.55
28.94, 0.80, 188.55
30.02, 0.79, 199.30
28.27, 0.79, 199.30
27.30, 0.80, 199.30
28.27, 0.80, 199.30
28.60, 0.79, 199.30
27.00, 0.79, 199.30
29.29, 0.79, 199.30
28.94, 0.80, 188.55
29.65, 0.80, 188.55
27.62, 0.80, 188.55
27.00, 0.80, 188.55
30.02, 0.80, 188.55
29.65, 0.79, 188.55
30.02, 0.80, 188.55
28.60, 0.79, 188.55
27.62, 0.79, 188.55
29.65, 0.79, 199.30
28.27, 0.80, 199.30
31.56, 0.80, 199.30
27.62, 0.79, 199.30
28.60, 0.80, 199.30
30.02, 0.79, 199.30
27.62, 0.80, 199.30
30.02, 0.80, 188.55
30.02, 0.81, 188.55
28.60, 0.80, 199.30
30.39, 0.79, 188.55
26.40, 0.80, 188.55
27.30, 0.80, 188.55
27.30, 0.80, 188.55
30.39, 0.79, 199.30
30.39, 0.80, 188.55
28.94, 0.81, 188.55
25.83, 0.80, 199.30
28.60, 0.79, 188.55
30.39, 0.79, 188.55
30.39, 0.79, 177.81
31.56, 0.80, 188.55
30.39, 0.79, 177.81
28.27, 0.79, 177.81
28.94, 0.81, 177.81
30.77, 0.80, 177.81
26.40, 0.79, 177.81
28.60, 0.80, 177.81
30.02, 0.80, 177.81
29.29, 0.80, 167.07
27.00, 0.80, 177.81
30.77, 0.79, 177.81
31.56, 0.80, 177.81
28.94, 0.79, 177.81
30.39, 0.80, 177.81
27.94, 0.79, 188.55
28.27, 0.80, 177.81
29.29, 0.79, 177.81
27.00, 0.79, 188.55
30.77, 0.79, 188.55
27.62, 0.79, 199.30
28.27, 0.79, 199.30
26.40, 0.79, 199.30
27.94, 0.80, 199.30
28.94, 0.79, 188.55
30.02, 0.79, 188.55
30.02, 0.79, 199.30
28.27, 0.79, 199.30
31.56, 0.79, 199.30
27.94, 0.80, 199.30
31.16, 0.79, 199.30
30.02, 0.79, 199.30
27.62, 0.79, 199.30
28.27, 0.79, 188.55
27.00, 0.79, 199.30
30.02, 0.79, 199.30
31.16, 0.80, 199.30
29.29, 0.77, 188.55
28.60, 0.77, 188.55
31.56, 0.77, 188.55
27.00, 0.78, 199.30
30.39, 0.79, 199.30
30.02, 0.78, 199.30
28.27, 0.79, 188.55
30.77, 0.79, 188.55
31.16, 0.78, 188.55
30.02, 0.79, 188.55
27.94, 0.79, 188.55
32.39, 0.81, 188.55
28.60, 0.78, 188.55
28.27, 0.77, 188.55
30.02, 0.79, 177.81
28.27, 0.80, 177.81
28.94, 0.79, 188.55
28.94, 0.81, 188.55
29.65, 0.79, 188.55
29.29, 0.79, 188.55
29.65, 0.80, 188.55
29.65, 0.81, 188.55
30.02, 0.79, 188.55
29.65, 0.78, 188.55
30.77, 0.78, 188.55
28.27, 0.79, 188.55
30.39, 0.80, 177.81
28.27, 0.82, 177.81
30.02, 0.79, 177.81
29.29, 0.77, 188.55
29.29, 0.78, 177.81
32.82, 0.79, 177.81
31.56, 0.79, 177.81
31.16, 0.79, 167.07
29.29, 0.80, 167.07
29.65, 0.80, 167.07
28.27, 0.80, 167.07
28.27, 0.79, 167.07
31.56, 0.80, 167.07
29.65, 0.79, 167.07
31.56, 0.79, 167.07
27.94, 0.80, 167.07
28.27, 0.80, 167.07
28.27, 0.79, 167.07
31.97, 0.79, 167.07
30.39, 0.80, 167.07
27.94, 0.80, 177.81
27.94, 0.81, 177.81
31.56, 0.80, 177.81
32.39, 0.80, 177.81
28.60, 0.80, 177.81
28.27, 0.79, 177.81
30.02, 0.81, 177.81
27.94, 0.80, 177.81
28.60, 0.80, 188.55
27.30, 0.79, 188.55
31.97, 0.80, 188.55
28.60, 0.79, 199.30
28.94, 0.79, 188.55
32.82, 0.80, 199.30
30.39, 0.79, 199.30
28.27, 0.79, 199.30
31.16, 0.79, 188.55
31.97, 0.79, 188.55
30.02, 0.79, 199.30
32.82, 0.79, 199.30
31.56, 0.79, 199.30
29.65, 0.79, 188.55
29.65, 0.79, 188.55
27.94, 0.79, 188.55
30.39, 0.79, 188.55
27.00, 0.79, 188.55
31.16, 0.79, 188.55
30.02, 0.79, 188.55
31.56, 0.80, 188.55
30.02, 0.78, 188.55
28.94, 0.79, 188.55
32.39, 0.79, 188.55
27.94, 0.79, 199.30
27.62, 0.80, 199.30
30.02, 0.79, 210.04
31.56, 0.80, 210.04
30.77, 0.81, 210.04
30.39, 0.82, 199.30
28.94, 0.70, 199.30
27.62, 0.76, 199.30
30.39, 0.78, 199.30
30.77, 0.78, 199.30
30.39, 0.81, 199.30
27.62, 0.79, 199.30
28.60, 0.80, 188.55
30.39, 0.81, 199.30
27.62, 0.81, 199.30
29.65, 0.80, 199.30
27.30, 0.79, 199.30
26.70, 0.80, 199.30
27.30, 0.81, 188.55
32.39, 0.80, 199.30
28.94, 0.80, 188.55
32.39, 0.80, 188.55
28.27, 0.80, 188.55
30.39, 0.80, 188.55
30.02, 0.80, 177.81
30.39, 0.82, 188.55
31.56, 0.80, 177.81
31.16, 0.79, 177.81
30.02, 0.79, 188.55
29.65, 0.79, 188.55
28.27, 0.80, 199.30
31.56, 0.80, 199.30
27.00, 0.80, 188.55
28.27, 0.79, 199.30
30.02, 0.79, 199.30
29.65, 0.80, 199.30
28.27, 0.80, 199.30
32.39, 0.80, 199.30
28.27, 0.81, 188.55
31.56, 0.80, 188.55
31.97, 0.80, 188.55
28.27, 0.80, 188.55
27.94, 0.80, 199.30
30.77, 0.81, 199.30
30.39, 0.81, 199.30
30.02, 0.79, 199.30
31.56, 0.79, 199.30
30.77, 0.80, 199.30
30.39, 0.80, 199.30
29.29, 0.80, 199.30
27.94, 0.80, 199.30
28.60, 0.80, 199.30
30.77, 0.80, 199.30
30.77, 0.80, 188.55
30.77, 0.80, 188.55
31.16, 0.80, 188.55
30.02, 0.81, 188.55
31.56, 0.80, 199.30
30.02, 0.80, 188.55
29.29, 0.80, 188.55
30.39, 0.80, 188.55
29.29, 0.80, 188.55
32.39, 0.80, 188.55
27.00, 0.81, 199.30
28.27, 0.79, 188.55
30.77, 0.79, 199.30
29.29, 0.81, 199.30
28.94, 0.80, 199.30
31.16, 0.80, 188.55
31.56, 0.80, 199.30
27.62, 0.79, 188.55
30.39, 0.80, 188.55
32.39, 0.79, 188.55
30.02, 0.80, 188.55
27.94, 0.81, 188.55
28.60, 0.79, 188.55
27.30, 0.79, 177.81
28.94, 0.80, 177.81
28.27, 0.81, 188.55
28.60, 0.79, 177.81
29.29, 0.80, 188.55
27.62, 0.80, 188.55
29.65, 0.80, 188.55
27.30, 0.81, 177.81
31.56, 0.81, 188.55
27.00, 0.80, 188.55
25.27, 0.79, 188.55
29.65, 0.80, 177.81
31.16, 0.79, 177.81
28.94, 0.81, 177.81
30.02, 0.79, 167.07
28.27, 0.79, 177.81
29.29, 0.79, 177.81
30.77, 0.80, 177.81
28.27, 0.79, 177.81
27.30, 0.80, 188.55
28.27, 0.80, 188.55
29.29, 0.80, 177.81
30.77, 0.80, 177.81
29.65, 0.80, 188.55
27.30, 0.80, 188.55
27.62, 0.80, 188.55
27.94, 0.80, 177.81
28.60, 0.79, 177.81
29.29, 0.79, 177.81
28.27, 0.79, 177.81
30.02, 0.80, 167.07
30.77, 0.80, 177.81
30.02, 0.79, 177.81
27.30, 0.79, 177.81
29.29, 0.80, 177.81
28.27, 0.79, 177.81
27.62, 0.79, 188.55
30.77, 0.80, 188.55
31.97, 0.80, 188.55
30.77, 0.81, 188.55
30.02, 0.80, 199.30
30.02, 0.79, 199.30
26.40, 0.79, 188.55
28.94, 0.80, 188.55
28.94, 0.79, 188.55
27.00, 0.79, 188.55
28.27, 0.79, 188.55
28.27, 0.79, 188.55
30.02, 0.80, 188.55
30.02, 0.80, 177.81
27.00, 0.80, 177.81
28.27, 0.80, 177.81
28.94, 0.80, 188.55
30.02, 0.79, 188.55
30.02, 0.79, 188.55
30.02, 0.80, 188.55
30.02, 0.81, 188.55
26.70, 0.80, 188.55
28.94, 0.79, 188.55
25.83, 0.79, 188.55
28.27, 0.79, 188.55
28.94, 0.80, 188.55
28.27, 0.79, 188.55
28.60, 0.79, 177.81
28.27, 0.80, 188.55
31.56, 0.79, 177.81
27.00, 0.79, 188.55
31.16, 0.80, 188.55
30.02, 0.80, 188.55
26.40, 0.79, 188.55
29.29, 0.79, 188.55
30.77, 0.79, 177.81
27.30, 0.79, 188.55
31.16, 0.80, 188.55
29.29, 0.80, 188.55
27.30, 0.80, 188.55
28.27, 0.79, 188.55
27.00, 0.79, 199.30
27.30, 0.80, 199.30
27.62, 0.79, 199.30
30.77, 0.80, 199.30
26.40, 0.79, 199.30
31.56, 0.78, 188.55
29.29, 0.79, 188.55
28.60, 0.79, 188.55
30.02, 0.79, 188.55
30.02, 0.79, 177.81
29.29, 0.80, 188.55
29.29, 0.79, 188.55
30.02, 0.79, 188.55
27.00, 0.79, 177.81
30.02, 0.80, 188.55
28.60, 0.80, 188.55
30.02, 0.79, 188.55
26.40, 0.79, 188.55
31.16, 0.80, 188.55
31.16, 0.80, 188.55
29.65, 0.79, 177.81
28.60, 0.80, 177.81
30.02, 0.80, 188.55
27.94, 0.80, 188.55
30.77, 0.79, 188.55
27.94, 0.79, 188.55
27.62, 0.80, 177.81
27.62, 0.80, 177.81
28.94, 0.80, 177.81
28.27, 0.79, 167.07
28.27, 0.79, 167.07
30.77, 0.80, 177.81
30.77, 0.80, 167.07
28.60, 0.80, 167.07
29.65, 0.79, 177.81
30.39, 0.79, 188.55
28.60, 0.79, 188.55
27.94, 0.80, 188.55
31.56, 0.80, 199.30
31.16, 0.81, 199.30
27.62, 0.80, 210.04
30.77, 0.79, 199.30
29.65, 0.79, 199.30
29.29, 0.79, 199.30
30.39, 0.79, 199.30
28.94, 0.80, 199.30
30.39, 0.79, 188.55
30.77, 0.79, 188.55
32.39, 0.79, 188.55
29.29, 0.79, 188.55
28.60, 0.81, 177.81
27.94, 0.80, 188.55
27.94, 0.79, 188.55
30.39, 0.79, 188.55
27.62, 0.79, 177.81
28.27, 0.80, 177.81
31.16, 0.79, 188.55
31.56, 0.79, 188.55
28.94, 0.80, 177.81
31.56, 0.79, 177.81
27.94, 0.79, 188.55
31.97, 0.80, 177.81
31.16, 0.79, 188.55
31.56, 0.79, 177.81
28.60, 0.79, 188.55
27.62, 0.79, 188.55
30.02, 0.79, 188.55
30.02, 0.79, 188.55
30.77, 0.79, 188.55
28.27, 0.79, 188.55
28.27, 0.79, 199.30
31.56, 0.79, 188.55
31.56, 0.79, 188.55
28.27, 0.79, 188.55
29.65, 0.79, 188.55
27.94, 0.79, 177.81
27.62, 0.79, 177.81
28.27, 0.79, 177.81
31.56, 0.79, 177.81
29.29, 0.80, 177.81
28.60, 0.80, 177.81
29.29, 0.80, 177.81
27.94, 0.80, 177.81
31.16, 0.79, 188.55
28.94, 0.79, 188.55
29.65, 0.79, 188.55
30.02, 0.80, 188.55
27.30, 0.79, 188.55
28.27, 0.80, 188.55
29.65, 0.79, 199.30
29.29, 0.81, 199.30
31.16, 0.79, 199.30
30.02, 0.80, 199.30
30.02, 0.80, 188.55
28.94, 0.80, 188.55
29.29, 0.79, 188.55
27.00, 0.80, 199.30
30.39, 0.80, 199.30
30.77, 0.79, 188.55
28.27, 0.79, 188.55
30.39, 0.79, 188.55
31.16, 0.79, 188.55
28.94, 0.80, 188.55
28.94, 0.79, 188.55
28.60, 0.80, 188.55
27.62, 0.80, 188.55
30.77, 0.80, 188.55
28.60, 0.79, 188.55
26.70, 0.80, 188.55
31.97, 0.79, 199.30
28.60, 0.79, 199.30
28.60, 0.79, 199.30
27.62, 0.79, 199.30
31.56, 0.79, 199.30
28.94, 0.80, 199.30
31.16, 0.79, 210.04
28.60, 0.80, 199.30
30.02, 0.79, 199.30
27.00, 0.78, 199.30
26.11, 0.79, 188.55
26.70, 0.79, 188.55
30.02, 0.79, 188.55
30.77, 0.80, 188.55
28.94, 0.79, 188.55
26.70, 0.80, 188.55
31.56, 0.79, 199.30
26.70, 0.80, 199.30
30.02, 0.80, 199.30
27.94, 0.80, 188.55
28.60, 0.79, 188.55
30.77, 0.79, 188.55
31.56, 0.79, 188.55
27.94, 0.80, 188.55
27.94, 0.80, 188.55
28.27, 0.80, 188.55
28.94, 0.80, 177.81
30.02, 0.81, 177.81
30.02, 0.79, 188.55
27.94, 0.80, 188.55
30.77, 0.81, 188.55
31.16, 0.81, 199.30
28.27, 0.80, 199.30
26.70, 0.79, 199.30
31.56, 0.79, 199.30
31.97, 0.80, 199.30
31.56, 0.80, 188.55
29.29, 0.80, 199.30
31.56, 0.79, 199.30
27.00, 0.80, 199.30
27.94, 0.79, 199.30
29.29, 0.79, 199.30
28.60, 0.80, 199.30
27.62, 0.79, 199.30
27.94, 0.79, 199.30
26.70, 0.80, 188.55
31.56, 0.79, 199.30
28.27, 0.80, 199.30
28.94, 0.80, 199.30
30.02, 0.80, 199.30
29.29, 0.79, 199.30
29.29, 0.79, 199.30
30.39, 0.79, 199.30
29.29, 0.81, 199.30
28.94, 0.80, 199.30
28.27, 0.80, 199.30
30.02, 0.79, 199.30
31.56, 0.79, 199.30
30.02, 0.79, 188.55
29.29, 0.79, 188.55
27.94, 0.80, 188.55
28.94, 0.80, 188.55
27.30, 0.79, 188.55
30.77, 0.79, 188.55
30.39, 0.79, 188.55
27.94, 0.80, 188.55
30.02, 0.80, 188.55
30.77, 0.79, 199.30
25.83, 0.79, 199.30
29.29, 0.78, 199.30
28.27, 0.80, 199.30
31.56, 0.79, 199.30
27.62, 0.79, 199.30
30.77, 0.79, 199.30
28.94, 0.79, 199.30
28.60, 0.79, 199.30
28.27, 0.80, 199.30
31.56, 0.80, 188.55
31.16, 0.80, 188.55
26.40, 0.79, 188.55
27.00, 0.79, 188.55
27.00, 0.80, 188.55
30.02, 0.80, 188.55
30.02, 0.79, 188.55
30.77, 0.79, 188.55
31.56, 0.80, 177.81
27.00, 0.79, 177.81
30.39, 0.79, 177.81
28.94, 0.79, 177.81
27.62, 0.80, 177.81
28.94, 0.81, 177.81
30.77, 0.80, 188.55
30.02, 0.80, 188.55
27.94, 0.79, 188.55
27.00, 0.79, 199.30
31.56, 0.80, 188.55
28.60, 0.80, 188.55
26.40, 0.80, 199.30
31.56, 0.79, 188.55
31.16, 0.79, 199.30
30.77, 0.79, 188.55
30.02, 0.79, 188.55
29.29, 0.79, 199.30
28.27, 0.80, 188.55
27.30, 0.79, 188.55
28.94, 0.80, 188.55
28.94, 0.80, 188.55
28.94, 0.80, 188.55
30.77, 0.79, 188.55
28.60, 0.80, 188.55
30.77, 0.79, 188.55
27.00, 0.79, 188.55
29.65, 0.80, 188.55
28.60, 0.80, 199.30
31.56, 0.79, 199.30
27.00, 0.79, 199.30
29.65, 0.79, 199.30
29.29, 0.79, 199.30
30.02, 0.80, 199.30
27.62, 0.81, 199.30
27.00, 0.80, 188.55
28.94, 0.80, 188.55
30.02, 0.79, 177.81
31.56, 0.79, 177.81
28.27, 0.79, 167.07
29.65, 0.80, 167.07
30.77, 0.80, 167.07
29.29, 0.79, 167.07
27.00, 0.79, 167.07
26.70, 0.79, 167.07
27.00, 0.80, 167.07
28.60, 0.80, 167.07
30.77, 0.80, 167.07
27.30, 0.79, 167.07
27.94, 0.79, 177.81
29.29, 0.80, 177.81
27.30, 0.80, 177.81
29.29, 0.80, 177.81
31.16, 0.79, 177.81
30.77, 0.79, 177.81
30.02, 0.79, 188.55
27.62, 0.79, 188.55
29.29, 0.80, 188.55
30.02, 0.80, 199.30
31.56, 0.79, 199.30
27.94, 0.79, 188.55
30.39, 0.80, 188.55
30.77, 0.79, 199.30
27.94, 0.80, 199.30
30.02, 0.80, 199.30
28.94, 0.80, 199.30
27.00, 0.79, 199.30
30.02, 0.79, 210.04
28.94, 0.79, 199.30
28.94, 0.81, 199.30
27.94, 0.80, 199.30
28.27, 0.80, 199.30
26.70, 0.79, 199.30
27.62, 0.79, 199.30
29.29, 0.80, 199.30
27.30, 0.80, 188.55
30.77, 0.79, 188.55
28.27, 0.79, 188.55
28.94, 0.79, 188.55
26.70, 0.79, 188.55
30.77, 0.79, 188.55
28.94, 0.80, 188.55
27.62, 0.79, 188.55
31.16, 0.79, 188.55
27.62, 0.79, 188.55
30.39, 0.78, 188.55
28.60, 0.78, 188.55
32.39, 0.80, 177.81
30.02, 0.78, 177.81
27.94, 0.78, 177.81
28.94, 0.78, 177.81
31.56, 0.78, 177.81
27.00, 0.79, 177.81
26.40, 0.78, 177.81
30.77, 0.80, 177.81
30.02, 0.80, 177.81
26.70, 0.80, 177.81
28.27, 0.79, 177.81
29.65, 0.79, 177.81
27.62, 0.80, 177.81
27.00, 0.80, 188.55
29.29, 0.79, 188.55
31.56, 0.80, 188.55
29.65, 0.80, 188.55
28.27, 0.80, 188.55
29.29, 0.80, 188.55
31.16, 0.79, 188.55
27.00, 0.79, 188.55
28.27, 0.79, 188.55
28.94, 0.79, 188.55
31.16, 0.79, 188.55
27.00, 0.79, 188.55
29.65, 0.80, 177.81
30.02, 0.80, 177.81
29.65, 0.81, 188.55
30.02, 0.80, 188.55
29.29, 0.79, 188.55
30.77, 0.80, 199.30
29.29, 0.80, 199.30
31.56, 0.80, 199.30
27.62, 0.80, 188.55
29.65, 0.79, 188.55
29.29, 0.79, 188.55
30.39, 0.80, 188.55
26.70, 0.79, 188.55
28.27, 0.80, 188.55
25.83, 0.79, 177.81
30.77, 0.78, 177.81
27.62, 0.79, 177.81
28.27, 0.80, 188.55
27.62, 0.80, 188.55
27.30, 0.79, 188.55
27.62, 0.79, 199.30
31.16, 0.79, 199.30
28.27, 0.79, 188.55
30.77, 0.79, 199.30
27.94, 0.81, 199.30
26.70, 0.79, 199.30
27.00, 0.79, 199.30
29.65, 0.79, 199.30
30.02, 0.80, 199.30
30.02, 0.81, 188.55
27.94, 0.80, 177.81
27.00, 0.79, 188.55
31.56, 0.79, 188.55
27.62, 0.79, 188.55
30.77, 0.80, 199.30
31.16, 0.80, 188.55
27.30, 0.79, 188.55
28.94, 0.79, 188.55
27.94, 0.79, 188.55
28.94, 0.79, 188.55
28.94, 0.79, 199.30
27.94, 0.79, 188.55
27.94, 0.78, 188.55
29.65, 0.78, 188.55
29.65, 0.79, 188.55
30.39, 0.79, 188.55
27.94, 0.79, 188.55
27.94, 0.79, 199.30
27.00, 0.80, 199.30
28.94, 0.79, 199.30
31.56, 0.79, 199.30
26.70, 0.79, 199.30
31.56, 0.79, 199.30
30.02, 0.79, 199.30
30.02, 0.79, 199.30
28.94, 0.79, 188.55
30.77, 0.79, 188.55
28.94, 0.79, 188.55
28.27, 0.79, 188.55
30.39, 0.79, 177.81
28.60, 0.79, 177.81
27.00, 0.79, 167.07
29.29, 0.79, 177.81
27.94, 0.79, 167.07
30.02, 0.80, 177.81
30.39, 0.80, 167.07
28.27, 0.79, 177.81
27.00, 0.79, 177.81
30.77, 0.79, 177.81
30.02, 0.79, 177.81
28.94, 0.79, 177.81
28.60, 0.79, 177.81
27.00, 0.79, 177.81
30.39, 0.79, 188.55
28.94, 0.79, 177.81
30.77, 0.79, 188.55
28.27, 0.79, 188.55
30.77, 0.80, 177.81
28.60, 0.80, 177.81
31.56, 0.79, 177.81
26.40, 0.80, 177.81
30.77, 0.79, 177.81
28.94, 0.80, 177.81
30.39, 0.80, 177.81
30.39, 0.80, 177.81
26.40, 0.79, 177.81
30.02, 0.79, 177.81
28.60, 0.79, 177.81
28.27, 0.79, 177.81
26.70, 0.79, 188.55
30.77, 0.79, 188.55
26.40, 0.80, 188.55
30.02, 0.79, 188.55
28.27, 0.80, 188.55
29.29, 0.80, 188.55
28.27, 0.80, 188.55
29.65, 0.79, 188.55
30.39, 0.79, 188.55
31.56, 0.80, 199.30
28.94, 0.79, 199.30
27.62, 0.80, 188.55
27.00, 0.80, 188.55
28.27, 0.80, 188.55
27.00, 0.79, 188.55
27.00, 0.79, 199.30
30.02, 0.80, 199.30
30.02, 0.79, 188.55
27.62, 0.80, 199.30
30.77, 0.78, 199.30
27.94, 0.80, 199.30
27.94, 0.80, 199.30
28.27, 0.79, 199.30
27.30, 0.79, 210.04
31.16, 0.79, 199.30
30.39, 0.80, 210.04
29.29, 0.79, 210.04
28.27, 0.79, 220.78
27.94, 0.79, 210.04
28.60, 0.79, 210.04
28.60, 0.79, 210.04
27.62, 0.79, 210.04
30.39, 0.80, 210.04
31.56, 0.79, 210.04
27.94, 0.80, 210.04
30.02, 0.80, 199.30
27.00, 0.79, 199.30
27.94, 0.79, 199.30
28.27, 0.79, 199.30
30.02, 0.80, 188.55
27.94, 0.79, 199.30
30.39, 0.80, 210.04
30.77, 0.79, 210.04
27.00, 0.79, 199.30
30.02, 0.79, 199.30
31.16, 0.79, 210.04
27.00, 0.80, 199.30
27.94, 0.79, 210.04
28.94, 0.80, 199.30
28.60, 0.79, 199.30
29.65, 0.79, 177.81
28.27, 0.79, 177.81
31.56, 0.79, 177.81
31.16, 0.80, 188.55
28.60, 0.79, 188.55
30.02, 0.79, 188.55
28.60, 0.79, 188.55
30.02, 0.79, 188.55
29.65, 0.80, 188.55
27.00, 0.80, 188.55
27.30, 0.80, 199.30
28.94, 0.79, 199.30
31.16, 0.79, 210.04
28.60, 0.80, 188.55
29.65, 0.79, 188.55
30.77, 0.79, 188.55
27.00, 0.80, 188.55
27.94, 0.79, 188.55
31.16, 0.79, 188.55
27.00, 0.79, 177.81
27.94, 0.80, 177.81
29.29, 0.80, 188.55
30.77, 0.79, 177.81
27.62, 0.79, 188.55
27.00, 0.79, 188.55
28.60, 0.79, 188.55
30.39, 0.80, 188.55
28.94, 0.79, 188.55
27.30, 0.79, 188.55
28.27, 0.79, 188.55
27.00, 0.80, 188.55
29.65, 0.80, 188.55
29.65, 0.81, 188.55
30.77, 0.79, 177.81
28.94, 0.79, 188.55
28.27, 0.79, 188.55
30.02, 0.79, 188.55
29.65, 0.79, 199.30
30.02, 0.79, 199.30
30.02, 0.80, 199.30
28.94, 0.79, 199.30
28.94, 0.79, 199.30
30.02, 0.79, 199.30
30.77, 0.79, 210.04
28.27, 0.80, 199.30
27.00, 0.80, 199.30
30.77, 0.79, 210.04
27.00, 0.79, 210.04
31.16, 0.79, 210.04
27.94, 0.79, 210.04
31.16, 0.79, 220.78
30.77, 0.79, 220.78
28.27, 0.79, 220.78
26.70, 0.79, 210.04
28.27, 0.79, 210.04
28.60, 0.80, 210.04
30.39, 0.79, 199.30
28.27, 0.80, 199.30
30.77, 0.79, 199.30
28.27, 0.79, 199.30
27.30, 0.79, 177.81
26.11, 0.79, 188.55
28.94, 0.79, 188.55
28.27, 0.79, 188.55
30.02, 0.79, 188.55
28.94, 0.79, 188.55
30.02, 0.80, 199.30
28.27, 0.80, 199.30
29.29, 0.79, 199.30
29.29, 0.80, 199.30
27.00, 0.80, 199.30
27.62, 0.79, 188.55
27.30, 0.78, 188.55
26.70, 0.80, 188.55
30.77, 0.80, 188.55
28.94, 0.79, 188.55
27.62, 0.80, 188.55
29.29, 0.79, 188.55
30.77, 0.79, 188.55
29.65, 0.79, 188.55
31.16, 0.79, 199.30
27.62, 0.80, 199.30
25.83, 0.79, 199.30
27.62, 0.78, 210.04
28.27, 0.78, 210.04
29.29, 0.80, 210.04
27.00, 0.80, 210.04
30.02, 0.80, 199.30
27.62, 0.79, 199.30
28.94, 0.79, 199.30
28.94, 0.79, 188.55
28.94, 0.79, 188.55
27.94, 0.79, 199.30
30.02, 0.80, 199.30
28.27, 0.80, 199.30
29.65, 0.79, 199.30
28.27, 0.79, 199.30
28.27, 0.80, 199.30
31.16, 0.80, 199.30
30.77, 0.79, 210.04
31.16, 0.79, 199.30
30.39, 0.80, 199.30
29.29, 0.79, 188.55
27.30, 0.79, 199.30
31.16, 0.79, 188.55
26.70, 0.79, 188.55
27.94, 0.79, 188.55
30.77, 0.79, 199.30
30.77, 0.80, 188.55
29.29, 0.79, 177.81
31.16, 0.79, 177.81
31.16, 0.79, 177.81
31.56, 0.79, 188.55
25.83, 0.79, 188.55
29.29, 0.79, 188.55
28.94, 0.79, 188.55
27.00, 0.80, 199.30
28.27, 0.79, 188.55
27.62, 0.80, 188.55
26.70, 0.79, 188.55
30.02, 0.79, 188.55
25.01, 0.79, 188.55
29.29, 0.79, 188.55
30.77, 0.79, 188.55
27.62, 0.79, 188.55
29.65, 0.79, 188.55
26.70, 0.79, 177.81
27.62, 0.80, 177.81
31.56, 0.80, 188.55
28.60, 0.79, 188.55
29.29, 0.79, 188.55
30.77, 0.79, 199.30
27.94, 0.80, 199.30
29.29, 0.80, 199.30
30.02, 0.80, 199.30
30.02, 0.79, 199.30
28.27, 0.78, 188.55
31.16, 0.79, 188.55
27.00, 0.80, 188.55
30.02, 0.80, 188.55
27.94, 0.79, 188.55
28.94, 0.79, 188.55
26.40, 0.79, 177.81
27.00, 0.80, 188.55
27.00, 0.80, 188.55
26.70, 0.80, 188.55
29.65, 0.80, 188.55
30.02, 0.80, 188.55
28.94, 0.80, 188.55
30.02, 0.79, 188.55
26.70, 0.79, 199.30
28.94, 0.79, 199.30
27.00, 0.80, 199.30
29.29, 0.81, 188.55
28.94, 0.80, 188.55
31.56, 0.80, 188.55
27.00, 0.81, 188.55
29.29, 0.80, 188.55
27.00, 0.79, 188.55
27.94, 0.79, 188.55
28.94, 0.79, 177.81
28.60, 0.80, 177.81
30.39, 0.80, 177.81
30.77, 0.80, 188.55
28.27, 0.79, 188.55
31.56, 0.80, 177.81
28.27, 0.79, 188.55
28.60, 0.79, 188.55
30.39, 0.79, 188.55
27.94, 0.79, 188.55
28.94, 0.79, 188.55
30.02, 0.78, 188.55
28.94, 0.79, 188.55
26.40, 0.79, 177.81
29.29, 0.79, 188.55
28.27, 0.79, 188.55
28.94, 0.78, 188.55
27.00, 0.79, 188.55
26.40, 0.79, 199.30
27.00, 0.80, 199.30
30.02, 0.80, 199.30
29.29, 0.80, 199.30
29.29, 0.80, 199.30
27.94, 0.79, 199.30
27.30, 0.79, 199.30
31.16, 0.80, 199.30
31.56, 0.79, 199.30
30.77, 0.80, 199.30
29.65, 0.79, 188.55
31.56, 0.80, 188.55
29.65, 0.79, 188.55
28.94, 0.79, 177.81
27.00, 0.79, 177.81
28.60, 0.80, 177.81
30.02, 0.80, 177.81
28.27, 0.79, 177.81
29.65, 0.79, 177.81
29.65, 0.79, 167.07
29.29, 0.80, 167.07
26.11, 0.80, 167.07
27.62, 0.79, 177.81
27.62, 0.80, 177.81
27.00, 0.80, 188.55
27.00, 0.80, 188.55
28.27, 0.79, 188.55
30.77, 0.80, 177.81
30.02, 0.80, 177.81
30.77, 0.79, 188.55
27.30, 0.78, 188.55
28.94, 0.79, 188.55
28.27, 0.79, 188.55
30.77, 0.79, 199.30
28.27, 0.80, 188.55
29.65, 0.80, 199.30
27.30, 0.79, 199.30
31.16, 0.79, 199.30
27.62, 0.79, 199.30
29.65, 0.80, 199.30
26.70, 0.79, 210.04
26.40, 0.79, 199.30
27.94, 0.79, 199.30
26.40, 0.80, 188.55
31.56, 0.79, 188.55
27.00, 0.80, 188.55
28.94, 0.80, 177.81
27.00, 0.79, 188.55
29.65, 0.79, 188.55
30.02, 0.79, 188.55
30.39, 0.79, 177.81
30.02, 0.80, 188.55
26.70, 0.79, 177.81
27.94, 0.80, 188.55
28.27, 0.80, 188.55
25.01, 0.79, 188.55
26.70, 0.80, 188.55
29.29, 0.79, 188.55
27.94, 0.79, 177.81
27.00, 0.79, 188.55
30.77, 0.79, 188.55
28.27, 0.80, 188.55
26.70, 0.79, 188.55
27.30, 0.79, 188.55
25.83, 0.80, 188.55
30.39, 0.78, 188.55
28.94, 0.80, 188.55
30.39, 0.80, 188.55
28.27, 0.79, 188.55
30.02, 0.79, 177.81
26.11, 0.79, 177.81
27.00, 0.78, 188.55
29.65, 0.79, 188.55
28.27, 0.79, 177.81
30.02, 0.79, 177.81
28.94, 0.79, 177.81
26.70, 0.79, 177.81
27.94, 0.80, 177.81
30.02, 0.79, 188.55
30.02, 0.79, 188.55
27.00, 0.79, 177.81
30.77, 0.79, 188.55
30.02, 0.80, 188.55
28.27, 0.80, 188.55
27.00, 0.79, 188.55
31.16, 0.79, 188.55
27.62, 0.80, 188.55
31.56, 0.79, 188.55
26.70, 0.79, 199.30
29.65, 0.79, 199.30
26.40, 0.79, 199.30
29.29, 0.79, 199.30
30.77, 0.80, 210.04
28.60, 0.79, 199.30
27.94, 0.79, 199.30
28.60, 0.79, 199.30
30.02, 0.79, 210.04
31.16, 0.79, 210.04
26.70, 0.79, 199.30
28.27, 0.79, 199.30
30.02, 0.79, 199.30
28.60, 0.79, 188.55
27.94, 0.81, 177.81
30.77, 0.79, 188.55
30.02, 0.80, 188.55
31.56, 0.79, 188.55
31.56, 0.79, 188.55
30.39, 0.79, 177.81
31.16, 0.80, 188.55
27.94, 0.80, 188.55
29.29, 0.80, 188.55
30.77, 0.79, 188.55
28.27, 0.79, 188.55
27.00, 0.79, 188.55
27.00, 0.80, 188.55
25.83, 0.80, 188.55
27.00, 0.80, 188.55
29.65, 0.79, 188.55
27.00, 0.79, 188.55
26.11, 0.78, 199.30
31.16, 0.79, 199.30
30.77, 0.80, 199.30
30.77, 0.80, 199.30
29.29, 0.80, 199.30
30.02, 0.78, 199.30
28.27, 0.80, 199.30
28.27, 0.79, 188.55
28.60, 0.80, 199.30
29.29, 0.79, 199.30
28.94, 0.78, 199.30
30.77, 0.80, 199.30
29.29, 0.79, 188.55
27.00, 0.80, 188.55
26.70, 0.80, 199.30
30.02, 0.79, 199.30
28.27, 0.79, 199.30
27.00, 0.80, 210.04
29.29, 0.79, 199.30
29.65, 0.80, 199.30
31.16, 0.79, 199.30
27.00, 0.79, 199.30
30.39, 0.79, 199.30
29.29, 0.79, 199.30
28.60, 0.79, 199.30
30.39, 0.79, 188.55
29.65, 0.79, 188.55
31.56, 0.78, 188.55
26.70, 0.79, 199.30
27.00, 0.78, 199.30
30.02, 0.79, 199.30
28.27, 0.79, 199.30
30.77, 0.78, 199.30
27.00, 0.78, 199.30
29.65, 0.79, 188.55
28.60, 0.78, 188.55
26.70, 0.79, 188.55
27.00, 0.78, 188.55
27.30, 0.79, 188.55
30.02, 0.78, 177.81
30.02, 0.79, 177.81
30.77, 0.79, 177.81
27.94, 0.79, 188.55
30.77, 0.79, 199.30
26.11, 0.79, 199.30
26.70, 0.79, 199.30
27.62, 0.78, 199.30
28.60, 0.78, 199.30
26.70, 0.78, 199.30
30.02, 0.79, 199.30
29.29, 0.79, 199.30
30.77, 0.78, 199.30
28.27, 0.79, 188.55
26.70, 0.78, 177.81
28.94, 0.79, 188.55
27.30, 0.78, 177.81
30.77, 0.79, 177.81
30.39, 0.78, 177.81
31.56, 0.78, 167.07
32.39, 0.79, 167.07
28.94, 0.78, 177.81
27.30, 0.78, 177.81
29.29, 0.78, 177.81
30.77, 0.78, 177.81
27.30, 0.78, 177.81
28.27, 0.79, 177.81
28.27, 0.78, 188.55
30.02, 0.78, 177.81
30.02, 0.78, 188.55
27.94, 0.78, 188.55
27.30, 0.78, 188.55
28.27, 0.78, 188.55
28.27, 0.79, 188.55
27.62, 0.79, 188.55
29.29, 0.78, 177.81
27.94, 0.78, 177.81
30.77, 0.78, 177.81
25.83, 0.78, 188.55
27.00, 0.78, 188.55
31.97, 0.79, 188.55
28.27, 0.79, 188.55
27.00, 0.79, 188.55
25.55, 0.78, 188.55
28.60, 0.78, 199.30
27.62, 0.78, 199.30
28.94, 0.78, 210.04
29.29, 0.78, 199.30
27.00, 0.78, 199.30
29.65, 0.79, 210.04
29.65, 0.78, 199.30
28.27, 0.78, 199.30
30.77, 0.79, 199.30
29.65, 0.78, 199.30
30.02, 0.78, 199.30
26.11, 0.78, 199.30
28.27, 0.78, 188.55
30.39, 0.79, 188.55
28.94, 0.79, 188.55
26.70, 0.78, 188.55
28.60, 0.79, 188.55
27.00, 0.79, 188.55
27.62, 0.78, 188.55
27.00, 0.78, 188.55
28.27, 0.78, 188.55
28.27, 0.79, 188.55
29.65, 0.78, 188.55
28.60, 0.77, 177.81
28.94, 0.78, 188.55
28.27, 0.79, 188.55
28.94, 0.78, 188.55
28.27, 0.80, 177.81
28.60, 0.78, 188.55
28.94, 0.78, 188.55
28.27, 0.78, 177.81
30.02, 0.78, 177.81
28.94, 0.78, 188.55
27.94, 0.78, 188.55
29.29, 0.79, 177.81
25.83, 0.78, 188.55
31.16, 0.77, 188.55
27.94, 0.78, 188.55
29.29, 0.78, 188.55
30.02, 0.78, 188.55
30.02, 0.78, 199.30
26.70, 0.78, 199.30
30.02, 0.78, 199.30
31.56, 0.79, 199.30
28.27, 0.79, 199.30
30.02, 0.79, 188.55
29.65, 0.78, 188.55
29.65, 0.78, 199.30
25.01, 0.78, 220.78
28.60, 0.77, 231.52
27.30, 0.81, 231.52
27.30, 0.77, 231.52
28.94, 0.77, 210.04
27.30, 0.75, 210.04
25.27, 0.80, 210.04
28.60, 0.81, 210.04
26.40, 0.79, 210.04
28.27, 0.77, 210.04
25.83, 0.80, 210.04
24.49, 0.80, 210.04
26.70, 0.79, 210.04
24.23, 0.72, 210.04
28.60, 0.78, 220.78
26.40, 0.78, 220.78
25.55, 0.89, 242.27
22.36, 0.87, 253.01
19.48, 0.86, 285.23
24.74, 0.39, 295.98
21.73, 0.40, 306.72
