8.06, 0.87, 242.27
8.18, 0.82, 242.27
8.44, 0.82, 242.27
8.44, 0.82, 242.27
8.53, 0.82, 242.27
8.85, 0.81, 253.01
9.04, 0.82, 253.01
9.38, 0.83, 253.01
9.08, 0.82, 253.01
9.13, 0.82, 263.75
9.04, 0.83, 263.75
9.23, 0.83, 263.75
9.23, 0.81, 263.75
9.70, 0.82, 263.75
9.75, 0.82, 263.75
9.49, 0.82, 253.01
10.03, 0.82, 253.01
9.75, 0.82, 263.75
9.86, 0.82, 253.01
10.03, 0.82, 253.01
10.50, 0.82, 263.75
10.03, 0.83, 263.75
10.15, 0.82, 263.75
9.97, 0.82, 263.75
10.69, 0.83, 263.75
10.32, 0.83, 263.75
11.07, 0.82, 263.75
10.63, 0.83, 263.75
11.14, 0.83, 263.75
11.28, 0.83, 263.75
11.21, 0.83, 263.75
11.28, 0.82, 263.75
11.41, 0.83, 263.75
11.35, 0.83, 263.75
11.01, 0.82, 263.75
11.21, 0.83, 263.75
10.81, 0.83, 263.75
11.70, 0.83, 263.75
11.35, 0.83, 263.75
11.35, 0.83, 263.75
11.07, 0.83, 253.01
11.70, 0.83, 263.75
11.07, 0.84, 263.75
11.70, 0.84, 263.75
10.75, 0.86, 263.75
10.88, 0.85, 263.75
11.70, 0.85, 263.75
11.48, 0.84, 274.49
11.14, 0.85, 274.49
11.07, 0.85, 285.23
11.70, 0.83, 285.23
11.14, 0.83, 274.49
11.21, 0.83, 274.49
12.15, 0.84, 285.23
11.41, 0.83, 274.49
11.56, 0.83, 274.49
11.92, 0.83, 274.49
12.30, 0.82, 263.75
12.22, 0.84, 263.75
11.77, 0.83, 263.75
12.07, 0.82, 263.75
11.70, 0.83, 263.75
11.41, 0.84, 263.75
12.30, 0.84, 263.75
11.99, 0.84, 263.75
11.56, 0.83, 263.75
11.63, 0.84, 274.49
12.62, 0.84, 274.49
12.79, 0.84, 274.49
12.71, 0.86, 285.23
11.63, 0.86, 285.23
12.71, 0.86, 285.23
11.84, 0.84, 285.23
12.54, 0.85, 295.98
12.38, 0.87, 295.98
11.70, 0.86, 295.98
12.87, 0.84, 295.98
12.07, 0.87, 295.98
12.96, 0.87, 306.72
11.70, 0.87, 306.72
12.22, 0.85, 306.72
13.49, 0.84, 306.72
13.22, 0.85, 306.72
12.96, 0.85, 306.72
12.07, 0.89, 306.72
12.22, 0.87, 306.72
13.31, 0.85, 306.72
13.40, 0.84, 306.72
13.31, 0.84, 306.72
12.62, 0.84, 306.72
12.38, 0.84, 306.72
13.49, 0.84, 317.46
12.46, 0.83, 317.46
13.22, 0.84, 317.46
13.67, 0.85, 317.46
12.71, 0.84, 317.46
12.87, 0.83, 317.46
13.22, 0.83, 317.46
12.79, 0.83, 306.72
13.04, 0.83, 317.46
13.22, 0.83, 317.46
13.86, 0.83, 306.72
12.96, 0.83, 306.72
13.13, 0.84, 306.72
12.71, 0.84, 306.72
13.58, 0.87, 306.72
13.04, 0.85, 306.72
12.96, 0.85, 328.20
13.04, 0.85, 338.95
12.96, 0.83, 338.95
13.49, 0.83, 349.69
12.71, 0.84, 360.43
12.87, 0.85, 360.43
13.40, 0.84, 371.17
12.15, 0.86, 381.91
12.87, 0.85, 392.66
13.58, 0.84, 403.40
13.40, 0.85, 403.40
13.04, 0.86, 403.40
12.30, 0.86, 403.40
12.30, 0.85, 403.40
13.22, 0.85, 403.40
13.77, 0.85, 403.40
13.31, 0.84, 403.40
13.96, 0.84, 403.40
12.62, 0.85, 392.66
13.31, 0.85, 392.66
12.79, 0.85, 392.66
13.67, 0.86, 392.66
13.77, 0.85, 392.66
12.79, 0.85, 392.66
12.96, 0.85, 392.66
13.67, 0.85, 392.66
13.31, 0.84, 403.40
13.40, 0.85, 403.40
13.77, 0.85, 403.40
13.04, 0.85, 403.40
12.79, 0.85, 392.66
14.15, 0.85, 392.66
13.04, 0.85, 392.66
13.96, 0.84, 392.66
13.67, 0.85, 392.66
14.15, 0.85, 381.91
12.87, 0.85, 381.91
12.87, 0.85, 381.91
12.96, 0.84, 392.66
14.15, 0.85, 381.91
13.04, 0.85, 392.66
14.35, 0.84, 392.66
13.49, 0.85, 392.66
13.67, 0.85, 392.66
13.49, 0.84, 392.66
14.35, 0.85, 392.66
13.96, 0.85, 392.66
13.67, 0.86, 392.66
13.67, 0.85, 392.66
13.67, 0.86, 392.66
14.35, 0.85, 392.66
14.15, 0.85, 392.66
14.15, 0.85, 392.66
13.86, 0.85, 392.66
13.86, 0.85, 392.66
13.49, 0.84, 392.66
13.31, 0.85, 392.66
13.22, 0.85, 392.66
13.96, 0.84, 392.66
14.35, 0.84, 403.40
13.04, 0.85, 392.66
13.31, 0.86, 392.66
13.04, 0.85, 392.66
14.25, 0.85, 403.40
13.67, 0.85, 392.66
14.35, 0.84, 392.66
14.05, 0.85, 392.66
13.22, 0.85, 403.40
13.31, 0.85, 403.40
13.31, 0.84, 403.40
14.45, 0.84, 403.40
13.49, 0.85, 403.40
14.35, 0.84, 403.40
14.45, 0.85, 403.40
14.45, 0.84, 403.40
13.86, 0.84, 403.40
13.22, 0.85, 392.66
13.49, 0.84, 392.66
13.31, 0.85, 403.40
14.77, 0.84, 392.66
13.22, 0.84, 392.66
13.77, 0.85, 392.66
14.66, 0.85, 392.66
14.56, 0.84, 381.91
13.49, 0.84, 392.66
14.45, 0.84, 381.91
13.86, 0.84, 381.91
14.05, 0.84, 392.66
13.49, 0.85, 381.91
13.86, 0.85, 392.66
14.98, 0.85, 392.66
13.86, 0.84, 392.66
14.05, 0.84, 392.66
14.87, 0.85, 392.66
14.25, 0.84, 392.66
14.98, 0.85, 392.66
14.98, 0.85, 392.66
13.86, 0.85, 392.66
14.87, 0.84, 392.66
14.66, 0.84, 392.66
14.77, 0.85, 403.40
15.31, 0.85, 403.40
14.77, 0.85, 403.40
13.96, 0.84, 403.40
14.77, 0.85, 403.40
15.31, 0.85, 403.40
14.25, 0.84, 403.40
13.96, 0.85, 403.40
15.09, 0.85, 403.40
14.77, 0.84, 403.40
13.96, 0.85, 403.40
14.66, 0.85, 403.40
14.35, 0.85, 392.66
13.96, 0.84, 403.40
15.43, 0.85, 403.40
15.20, 0.85, 403.40
14.35, 0.84, 403.40
14.87, 0.84, 403.40
14.35, 0.85, 403.40
14.35, 0.85, 403.40
15.31, 0.85, 403.40
15.54, 0.85, 392.66
15.90, 0.85, 403.40
15.20, 0.85, 392.66
15.54, 0.85, 392.66
14.45, 0.84, 392.66
14.87, 0.85, 403.40
15.20, 0.84, 392.66
14.56, 0.85, 403.40
15.78, 0.84, 403.40
15.54, 0.86, 403.40
15.66, 0.85, 403.40
15.20, 0.85, 403.40
14.66, 0.85, 403.40
14.35, 0.85, 403.40
14.87, 0.85, 403.40
15.20, 0.85, 392.66
14.56, 0.84, 392.66
15.43, 0.85, 392.66
15.90, 0.85, 392.66
15.90, 0.84, 392.66
15.90, 0.85, 392.66
14.77, 0.85, 392.66
15.90, 0.84, 392.66
15.90, 0.85, 392.66
14.87, 0.85, 392.66
15.31, 0.85, 403.40
15.66, 0.85, 392.66
15.43, 0.85, 403.40
15.90, 0.85, 392.66
15.09, 0.85, 392.66
16.14, 0.85, 392.66
14.87, 0.85, 392.66
15.54, 0.85, 392.66
15.90, 0.86, 392.66
15.09, 0.85, 381.91
15.20, 0.85, 381.91
14.98, 0.85, 381.91
15.90, 0.85, 381.91
15.78, 0.85, 392.66
15.43, 0.86, 392.66
15.90, 0.85, 392.66
15.54, 0.84, 392.66
15.43, 0.85, 392.66
15.78, 0.85, 392.66
16.27, 0.85, 392.66
16.27, 0.84, 403.40
15.54, 0.84, 403.40
15.54, 0.85, 403.40
16.78, 0.85, 403.40
15.43, 0.85, 403.40
16.14, 0.85, 403.40
15.78, 0.85, 403.40
14.77, 0.85, 403.40
14.56, 0.85, 403.40
16.27, 0.85, 403.40
14.87, 0.84, 403.40
15.43, 0.83, 403.40
15.78, 0.84, 414.14
16.27, 0.84, 403.40
16.02, 0.84, 403.40
14.87, 0.84, 403.40
16.14, 0.85, 414.14
16.14, 0.85, 403.40
16.14, 0.85, 403.40
16.52, 0.84, 403.40
16.65, 0.85, 403.40
15.20, 0.85, 403.40
15.20, 0.85, 392.66
16.27, 0.85, 392.66
15.31, 0.85, 403.40
15.66, 0.85, 392.66
15.09, 0.84, 392.66
16.27, 0.84, 392.66
15.20, 0.85, 392.66
16.27, 0.85, 392.66
15.54, 0.84, 392.66
16.78, 0.85, 392.66
17.18, 0.85, 392.66
15.09, 0.85, 392.66
16.78, 0.84, 381.91
15.66, 0.84, 381.91
16.65, 0.85, 381.91
16.39, 0.85, 381.91
15.66, 0.85, 392.66
15.09, 0.85, 392.66
15.54, 0.85, 392.66
15.66, 0.85, 381.91
16.91, 0.84, 381.91
15.66, 0.85, 392.66
17.18, 0.85, 392.66
17.05, 0.84, 392.66
16.65, 0.84, 392.66
16.39, 0.85, 392.66
16.52, 0.85, 381.91
15.43, 0.85, 381.91
15.43, 0.84, 392.66
17.46, 0.85, 392.66
16.52, 0.84, 392.66
15.78, 0.84, 392.66
15.66, 0.85, 381.91
16.65, 0.84, 392.66
15.66, 0.86, 392.66
17.18, 0.85, 392.66
15.66, 0.85, 392.66
15.66, 0.85, 392.66
15.66, 0.84, 392.66
15.66, 0.84, 403.40
15.54, 0.84, 403.40
17.32, 0.85, 392.66
17.18, 0.85, 403.40
16.39, 0.84, 403.40
16.27, 0.84, 403.40
16.02, 0.84, 403.40
16.78, 0.84, 392.66
17.32, 0.85, 392.66
15.78, 0.84, 403.40
17.32, 0.85, 392.66
15.78, 0.85, 392.66
16.14, 0.84, 392.66
16.39, 0.85, 392.66
17.46, 0.85, 392.66
16.52, 0.85, 392.66
15.54, 0.85, 403.40
16.65, 0.85, 392.66
17.18, 0.84, 392.66
17.18, 0.85, 392.66
17.05, 0.85, 403.40
15.78, 0.85, 403.40
15.66, 0.84, 403.40
17.32, 0.84, 403.40
17.18, 0.84, 392.66
17.32, 0.85, 392.66
17.18, 0.85, 403.40
15.54, 0.85, 403.40
16.39, 0.85, 414.14
15.90, 0.85, 414.14
15.43, 0.85, 414.14
16.27, 0.85, 414.14
16.91, 0.85, 414.14
16.39, 0.84, 403.40
15.43, 0.84, 403.40
15.66, 0.85, 403.40
16.27, 0.85, 403.40
16.52, 0.84, 414.14
15.43, 0.85, 403.40
16.39, 0.85, 403.40
17.89, 0.86, 403.40
15.90, 0.85, 392.66
17.32, 0.85, 392.66
16.14, 0.85, 403.40
16.91, 0.86, 403.40
16.91, 0.85, 403.40
17.60, 0.85, 414.14
15.43, 0.85, 403.40
16.27, 0.86, 403.40
17.32, 0.85, 414.14
17.18, 0.85, 414.14
16.65, 0.85, 424.88
16.02, 0.85, 424.88
17.18, 0.85, 414.14
15.78, 0.85, 414.14
16.78, 0.85, 414.14
16.14, 0.85, 414.14
16.65, 0.85, 414.14
17.60, 0.85, 414.14
16.91, 0.86, 414.14
17.75, 0.86, 414.14
17.89, 0.85, 414.14
17.60, 0.85, 424.88
16.14, 0.85, 424.88
17.32, 0.85, 414.14
17.05, 0.85, 414.14
16.65, 0.85, 414.14
17.05, 0.86, 403.40
17.05, 0.85, 403.40
16.27, 0.85, 403.40
16.91, 0.85, 403.40
15.78, 0.85, 403.40
17.75, 0.85, 392.66
16.65, 0.85, 392.66
17.46, 0.85, 403.40
17.05, 0.85, 403.40
16.39, 0.84, 403.40
17.60, 0.85, 403.40
16.52, 0.85, 414.14
15.90, 0.84, 414.14
16.91, 0.85, 414.14
16.02, 0.85, 403.40
15.90, 0.85, 403.40
16.14, 0.84, 403.40
16.78, 0.84, 392.66
16.27, 0.85, 392.66
17.32, 0.85, 392.66
17.60, 0.84, 403.40
16.27, 0.85, 392.66
16.27, 0.85, 381.91
17.46, 0.85, 381.91
15.90, 0.84, 392.66
16.91, 0.85, 392.66
17.75, 0.84, 392.66
15.66, 0.84, 392.66
15.78, 0.84, 392.66
16.14, 0.85, 392.66
18.04, 0.84, 381.91
17.18, 0.84, 381.91
16.78, 0.84, 392.66
17.32, 0.85, 392.66
17.75, 0.85, 392.66
17.75, 0.85, 392.66
18.04, 0.85, 392.66
17.18, 0.85, 403.40
18.04, 0.86, 403.40
16.39, 0.85, 403.40
18.04, 0.85, 403.40
16.78, 0.85, 414.14
16.27, 0.84, 414.14
17.46, 0.85, 403.40
17.46, 0.85, 403.40
17.05, 0.85, 403.40
16.39, 0.85, 403.40
15.78, 0.85, 392.66
17.60, 0.86, 392.66
16.14, 0.85, 392.66
16.78, 0.85, 392.66
17.05, 0.84, 392.66
17.89, 0.85, 392.66
16.14, 0.85, 392.66
17.89, 0.85, 392.66
17.60, 0.85, 392.66
16.27, 0.85, 392.66
17.46, 0.85, 381.91
18.50, 0.84, 392.66
17.75, 0.84, 381.91
17.18, 0.85, 392.66
15.78, 0.85, 392.66
16.02, 0.84, 392.66
16.65, 0.85, 392.66
17.60, 0.85, 392.66
18.04, 0.85, 392.66
18.04, 0.86, 392.66
18.04, 0.85, 392.66
18.04, 0.85, 392.66
17.05, 0.84, 392.66
18.81, 0.85, 403.40
17.46, 0.85, 403.40
16.39, 0.85, 403.40
16.65, 0.85, 403.40
17.89, 0.84, 403.40
17.05, 0.85, 403.40
16.65, 0.85, 403.40
16.14, 0.85, 403.40
17.60, 0.85, 403.40
17.46, 0.85, 403.40
17.46, 0.85, 403.40
18.04, 0.86, 403.40
18.66, 0.85, 392.66
16.91, 0.85, 392.66
18.34, 0.85, 403.40
16.52, 0.84, 392.66
17.46, 0.86, 392.66
16.52, 0.85, 392.66
18.04, 0.86, 392.66
17.18, 0.85, 403.40
17.60, 0.85, 403.40
18.04, 0.85, 392.66
18.66, 0.85, 392.66
16.91, 0.85, 392.66
16.39, 0.86, 392.66
17.05, 0.85, 392.66
16.91, 0.85, 403.40
16.02, 0.85, 403.40
16.78, 0.85, 403.40
17.60, 0.85, 403.40
18.50, 0.85, 403.40
17.89, 0.85, 403.40
18.50, 0.86, 414.14
18.04, 0.85, 414.14
18.04, 0.85, 414.14
16.78, 0.85, 414.14
17.05, 0.85, 403.40
18.50, 0.85, 403.40
17.18, 0.85, 392.66
17.46, 0.86, 403.40
18.04, 0.85, 392.66
17.32, 0.85, 392.66
17.75, 0.85, 392.66
18.34, 0.86, 392.66
18.34, 0.86, 392.66
17.89, 0.85, 392.66
17.32, 0.84, 392.66
17.89, 0.85, 403.40
16.65, 0.85, 403.40
19.14, 0.85, 392.66
18.81, 0.85, 392.66
18.50, 0.85, 403.40
18.50, 0.85, 403.40
17.46, 0.85, 403.40
16.78, 0.85, 403.40
17.05, 0.85, 403.40
16.91, 0.85, 414.14
18.98, 0.85, 414.14
17.46, 0.85, 414.14
16.65, 0.86, 414.14
16.78, 0.86, 414.14
17.60, 0.84, 414.14
18.34, 0.85, 414.14
17.05, 0.85, 414.14
17.46, 0.85, 414.14
17.18, 0.85, 414.14
17.46, 0.86, 414.14
17.60, 0.85, 403.40
18.34, 0.86, 403.40
17.18, 0.85, 403.40
18.34, 0.85, 403.40
18.50, 0.85, 403.40
17.18, 0.85, 403.40
17.89, 0.86, 403.40
16.65, 0.85, 403.40
18.81, 0.85, 403.40
18.34, 0.85, 403.40
17.60, 0.84, 414.14
17.75, 0.85, 414.14
17.18, 0.85, 414.14
17.05, 0.84, 403.40
18.50, 0.85, 403.40
18.50, 0.85, 403.40
18.34, 0.85, 403.40
18.66, 0.85, 403.40
18.04, 0.86, 392.66
18.50, 0.85, 392.66
17.89, 0.84, 392.66
16.78, 0.85, 392.66
17.32, 0.86, 381.91
18.19, 0.85, 392.66
17.60, 0.85, 392.66
17.89, 0.85, 392.66
19.14, 0.85, 392.66
18.04, 0.85, 392.66
16.65, 0.85, 392.66
18.34, 0.85, 392.66
18.98, 0.86, 392.66
17.89, 0.85, 392.66
17.46, 0.85, 392.66
18.04, 0.85, 392.66
17.75, 0.85, 403.40
17.89, 0.86, 403.40
17.05, 0.85, 403.40
16.65, 0.85, 403.40
16.78, 0.85, 414.14
17.18, 0.85, 414.14
17.32, 0.85, 414.14
17.75, 0.86, 414.14
17.18, 0.86, 414.14
18.50, 0.85, 414.14
18.50, 0.84, 403.40
18.04, 0.85, 403.40
17.32, 0.85, 403.40
18.34, 0.85, 403.40
17.05, 0.86, 403.40
18.04, 0.85, 403.40
18.04, 0.85, 403.40
16.65, 0.85, 392.66
17.60, 0.85, 403.40
17.75, 0.85, 403.40
18.81, 0.86, 403.40
17.89, 0.85, 403.40
18.50, 0.86, 403.40
19.14, 0.86, 403.40
17.05, 0.85, 403.40
18.98, 0.85, 403.40
17.46, 0.86, 403.40
17.18, 0.86, 403.40
17.46, 0.85, 403.40
19.14, 0.86, 403.40
17.32, 0.86, 403.40
17.05, 0.85, 403.40
16.78, 0.85, 414.14
17.18, 0.85, 414.14
18.98, 0.85, 414.14
18.19, 0.84, 414.14
19.14, 0.84, 414.14
17.05, 0.86, 414.14
17.18, 0.86, 414.14
18.81, 0.85, 403.40
17.32, 0.85, 403.40
18.98, 0.85, 403.40
18.34, 0.85, 403.40
19.31, 0.85, 403.40
18.66, 0.85, 414.14
17.89, 0.86, 414.14
17.46, 0.86, 414.14
18.98, 0.86, 424.88
18.66, 0.86, 414.14
19.14, 0.85, 424.88
17.75, 0.84, 435.63
19.31, 0.84, 435.63
17.60, 0.86, 424.88
19.14, 0.85, 424.88
18.04, 0.85, 414.14
17.32, 0.85, 403.40
18.04, 0.85, 403.40
17.32, 0.85, 403.40
19.14, 0.86, 403.40
17.18, 0.85, 392.66
18.81, 0.85, 392.66
19.31, 0.86, 392.66
19.31, 0.85, 392.66
16.78, 0.85, 392.66
17.05, 0.85, 392.66
18.04, 0.86, 403.40
19.14, 0.85, 403.40
17.75, 0.86, 403.40
19.14, 0.86, 403.40
19.31, 0.86, 403.40
17.89, 0.86, 403.40
17.46, 0.86, 403.40
17.18, 0.86, 403.40
16.78, 0.85, 414.14
17.05, 0.85, 414.14
18.66, 0.86, 414.14
17.05, 0.85, 403.40
18.34, 0.85, 403.40
17.89, 0.86, 403.40
18.19, 0.86, 403.40
19.14, 0.85, 403.40
17.05, 0.86, 414.14
17.18, 0.85, 414.14
18.81, 0.86, 403.40
17.46, 0.86, 403.40
18.50, 0.85, 403.40
17.60, 0.86, 403.40
18.81, 0.86, 403.40
18.98, 0.85, 392.66
18.98, 0.86, 392.66
18.98, 0.86, 392.66
18.19, 0.86, 392.66
18.19, 0.85, 392.66
17.75, 0.86, 392.66
17.60, 0.86, 381.91
17.60, 0.86, 381.91
16.78, 0.86, 381.91
17.05, 0.85, 381.91
19.14, 0.86, 392.66
18.04, 0.86, 392.66
16.91, 0.86, 392.66
18.98, 0.86, 392.66
17.18, 0.86, 392.66
18.34, 0.85, 392.66
17.32, 0.86, 403.40
17.89, 0.86, 403.40
17.89, 0.86, 403.40
17.60, 0.85, 403.40
18.81, 0.85, 403.40
19.31, 0.86, 403.40
17.75, 0.85, 403.40
17.32, 0.84, 414.14
17.18, 0.86, 414.14
18.04, 0.85, 403.40
17.60, 0.85, 403.40
19.31, 0.86, 403.40
17.18, 0.86, 403.40
17.89, 0.85, 403.40
17.46, 0.84, 403.40
17.60, 0.86, 403.40
17.75, 0.86, 403.40
18.04, 0.86, 403.40
18.98, 0.86, 403.40
18.34, 0.85, 403.40
18.19, 0.85, 403.40
19.14, 0.85, 403.40
19.31, 0.86, 403.40
19.31, 0.86, 403.40
18.34, 0.86, 403.40
18.50, 0.85, 403.40
18.98, 0.86, 392.66
17.60, 0.86, 392.66
18.81, 0.86, 392.66
18.98, 0.85, 392.66
17.46, 0.86, 392.66
18.81, 0.86, 392.66
18.81, 0.86, 392.66
19.65, 0.86, 392.66
19.48, 0.86, 392.66
18.98, 0.85, 403.40
18.04, 0.85, 403.40
19.14, 0.85, 403.40
19.65, 0.86, 403.40
17.60, 0.85, 403.40
19.14, 0.85, 403.40
17.89, 0.86, 403.40
18.19, 0.85, 403.40
18.50, 0.86, 392.66
18.50, 0.86, 403.40
18.66, 0.86, 392.66
19.65, 0.86, 392.66
18.98, 0.86, 392.66
17.46, 0.86, 403.40
17.89, 0.86, 403.40
19.65, 0.85, 403.40
17.89, 0.86, 403.40
18.66, 0.86, 403.40
17.46, 0.85, 414.14
17.05, 0.86, 414.14
17.89, 0.85, 414.14
17.60, 0.86, 403.40
18.98, 0.85, 403.40
19.31, 0.85, 403.40
18.98, 0.86, 403.40
17.32, 0.87, 403.40
17.32, 0.86, 403.40
17.89, 0.86, 403.40
17.32, 0.85, 403.40
18.81, 0.86, 403.40
18.19, 0.85, 403.40
17.05, 0.86, 403.40
18.81, 0.86, 403.40
17.18, 0.85, 403.40
17.60, 0.85, 414.14
19.14, 0.85, 403.40
17.46, 0.86, 403.40
18.81, 0.86, 403.40
19.14, 0.85, 403.40
17.46, 0.86, 414.14
18.50, 0.86, 414.14
17.60, 0.85, 414.14
17.18, 0.85, 414.14
17.18, 0.85, 414.14
18.34, 0.85, 403.40
18.66, 0.86, 403.40
17.18, 0.85, 414.14
17.89, 0.86, 403.40
17.46, 0.85, 403.40
19.14, 0.86, 403.40
19.31, 0.85, 392.66
18.19, 0.87, 392.66
18.81, 0.86, 403.40
17.18, 0.85, 403.40
17.75, 0.85, 414.14
17.75, 0.85, 414.14
17.46, 0.86, 424.88
19.48, 0.86, 424.88
19.14, 0.86, 435.63
18.98, 0.85, 435.63
18.34, 0.85, 435.63
17.60, 0.86, 424.88
18.98, 0.86, 424.88
17.89, 0.85, 424.88
17.18, 0.85, 414.14
17.60, 0.86, 403.40
17.89, 0.86, 403.40
19.31, 0.85, 403.40
18.04, 0.86, 403.40
18.34, 0.85, 392.66
19.48, 0.86, 392.66
19.14, 0.86, 392.66
18.81, 0.86, 392.66
16.91, 0.86, 392.66
20.00, 0.85, 392.66
19.48, 0.86, 403.40
17.75, 0.85, 403.40
18.19, 0.85, 403.40
18.66, 0.85, 403.40
19.31, 0.85, 392.66
19.31, 0.85, 403.40
17.89, 0.85, 414.14
18.19, 0.85, 403.40
18.66, 0.86, 403.40
18.19, 0.86, 414.14
17.46, 0.85, 414.14
19.31, 0.86, 414.14
17.60, 0.85, 414.14
18.98, 0.85, 414.14
18.81, 0.85, 414.14
18.19, 0.85, 414.14
17.32, 0.85, 414.14
18.04, 0.85, 414.14
19.31, 0.85, 414.14
19.65, 0.85, 403.40
18.98, 0.86, 403.40
19.31, 0.85, 403.40
17.89, 0.85, 403.40
20.00, 0.85, 403.40
17.75, 0.85, 403.40
20.00, 0.85, 403.40
18.34, 0.85, 403.40
19.31, 0.86, 403.40
18.19, 0.85, 403.40
17.75, 0.85, 403.40
17.75, 0.86, 403.40
17.75, 0.85, 414.14
19.65, 0.85, 403.40
18.98, 0.84, 403.40
18.19, 0.85, 392.66
18.50, 0.86, 392.66
18.81, 0.85, 392.66
18.66, 0.85, 392.66
19.31, 0.85, 392.66
18.19, 0.85, 392.66
18.50, 0.85, 392.66
19.31, 0.86, 392.66
18.04, 0.85, 392.66
20.00, 0.85, 392.66
18.04, 0.84, 392.66
17.89, 0.85, 392.66
20.55, 0.85, 392.66
19.65, 0.85, 392.66
20.00, 0.85, 392.66
19.82, 0.86, 392.66
18.98, 0.85, 392.66
19.48, 0.85, 392.66
17.89, 0.86, 392.66
18.19, 0.86, 392.66
17.89, 0.84, 392.66
18.98, 0.85, 392.66
19.14, 0.86, 392.66
18.19, 0.85, 392.66
18.04, 0.85, 392.66
18.98, 0.86, 392.66
18.81, 0.86, 392.66
19.82, 0.85, 392.66
18.66, 0.85, 392.66
18.19, 0.85, 392.66
19.31, 0.85, 392.66
19.65, 0.85, 392.66
19.31, 0.85, 392.66
20.00, 0.85, 392.66
19.82, 0.85, 403.40
19.14, 0.85, 403.40
18.98, 0.86, 403.40
17.89, 0.85, 403.40
18.50, 0.85, 403.40
18.04, 0.85, 403.40
19.82, 0.85, 403.40
19.31, 0.86, 392.66
18.34, 0.85, 392.66
17.89, 0.85, 392.66
20.00, 0.85, 392.66
19.48, 0.85, 403.40
19.82, 0.85, 403.40
19.65, 0.86, 403.40
20.00, 0.84, 392.66
19.14, 0.85, 392.66
20.18, 0.86, 392.66
19.82, 0.85, 403.40
18.19, 0.85, 392.66
20.00, 0.84, 403.40
17.46, 0.84, 403.40
19.31, 0.85, 403.40
19.82, 0.84, 392.66
19.82, 0.84, 392.66
17.89, 0.84, 403.40
18.98, 0.85, 403.40
18.81, 0.84, 403.40
18.50, 0.84, 403.40
18.34, 0.85, 403.40
18.98, 0.85, 403.40
18.50, 0.85, 403.40
20.00, 0.84, 414.14
18.34, 0.85, 414.14
18.34, 0.86, 414.14
18.50, 0.87, 403.40
17.75, 0.86, 403.40
18.81, 0.86, 414.14
19.31, 0.86, 414.14
19.65, 0.85, 414.14
19.14, 0.86, 414.14
19.65, 0.85, 414.14
20.00, 0.85, 403.40
17.75, 0.86, 414.14
19.14, 0.86, 414.14
18.50, 0.86, 414.14
17.75, 0.85, 414.14
19.14, 0.86, 403.40
17.75, 0.86, 403.40
20.00, 0.86, 403.40
20.00, 0.86, 403.40
19.82, 0.86, 403.40
18.98, 0.85, 403.40
18.34, 0.85, 403.40
18.19, 0.85, 403.40
18.98, 0.86, 392.66
18.04, 0.86, 392.66
17.60, 0.86, 392.66
18.50, 0.86, 392.66
18.19, 0.86, 392.66
18.66, 0.86, 392.66
18.98, 0.85, 403.40
18.98, 0.86, 403.40
19.65, 0.86, 414.14
18.98, 0.86, 414.14
17.60, 0.85, 414.14
20.36, 0.86, 414.14
18.34, 0.86, 414.14
20.00, 0.85, 414.14
18.19, 0.86, 414.14
17.89, 0.85, 414.14
19.14, 0.85, 414.14
17.60, 0.86, 403.40
20.00, 0.86, 414.14
18.81, 0.86, 403.40
18.50, 0.85, 403.40
18.81, 0.86, 403.40
20.55, 0.86, 414.14
19.65, 0.86, 414.14
17.75, 0.86, 414.14
18.81, 0.86, 414.14
18.66, 0.87, 414.14
19.31, 0.86, 414.14
20.00, 0.85, 403.40
19.82, 0.85, 403.40
18.34, 0.86, 414.14
18.66, 0.86, 414.14
19.82, 0.86, 403.40
19.65, 0.86, 403.40
17.32, 0.88, 403.40
18.98, 0.87, 414.14
19.48, 0.88, 424.88
17.18, 0.87, 424.88
19.48, 0.87, 435.63
19.82, 0.87, 446.37
17.60, 0.88, 446.37
18.34, 0.86, 446.37
19.48, 0.86, 457.11
17.18, 0.88, 457.11
19.48, 0.87, 467.85
17.18, 0.87, 467.85
17.32, 0.86, 467.85
17.05, 0.87, 467.85
17.75, 0.87, 457.11
19.48, 0.88, 457.11
17.18, 0.87, 457.11
17.60, 0.87, 457.11
18.81, 0.86, 457.11
19.82, 0.87, 457.11
17.32, 0.86, 457.11
17.75, 0.87, 467.85
17.18, 0.86, 467.85
19.48, 0.87, 467.85
17.32, 0.87, 478.59
19.48, 0.87, 478.59
17.60, 0.86, 478.59
17.46, 0.86, 478.59
19.48, 0.87, 478.59
17.46, 0.87, 478.59
17.46, 0.86, 478.59
17.75, 0.86, 478.59
18.66, 0.87, 478.59
18.81, 0.87, 467.85
19.48, 0.86, 457.11
17.05, 0.87, 457.11
18.19, 0.87, 457.11
18.98, 0.86, 457.11
18.19, 0.87, 457.11
18.19, 0.87, 457.11
17.18, 0.87, 457.11
18.34, 0.87, 457.11
17.32, 0.87, 457.11
18.98, 0.87, 457.11
19.65, 0.87, 457.11
19.31, 0.86, 457.11
17.60, 0.86, 457.11
18.66, 0.87, 457.11
16.91, 0.87, 446.37
18.19, 0.86, 446.37
17.75, 0.87, 457.11
18.19, 0.87, 457.11
17.32, 0.86, 457.11
16.78, 0.86, 457.11
18.81, 0.86, 457.11
17.46, 0.87, 457.11
17.46, 0.87, 457.11
17.60, 0.86, 457.11
18.66, 0.87, 457.11
17.75, 0.87, 457.11
17.60, 0.86, 457.11
17.32, 0.86, 457.11
18.81, 0.87, 457.11
18.66, 0.87, 457.11
17.60, 0.87, 467.85
18.34, 0.87, 457.11
19.48, 0.87, 457.11
17.75, 0.88, 457.11
19.65, 0.87, 457.11
19.48, 0.87, 457.11
17.89, 0.86, 457.11
19.48, 0.87, 457.11
17.46, 0.86, 457.11
19.65, 0.86, 457.11
17.46, 0.89, 446.37
16.91, 0.88, 457.11
17.60, 0.89, 457.11
19.31, 0.87, 457.11
17.05, 0.88, 457.11
18.66, 0.88, 457.11
17.46, 0.87, 467.85
17.89, 0.86, 467.85
17.18, 0.87, 467.85
17.89, 0.87, 467.85
17.32, 0.86, 467.85
18.04, 0.86, 467.85
19.65, 0.87, 467.85
17.75, 0.86, 467.85
20.00, 0.86, 467.85
17.32, 0.86, 467.85
17.89, 0.86, 467.85
18.98, 0.85, 467.85
17.89, 0.86, 467.85
19.14, 0.86, 457.11
18.98, 0.86, 457.11
17.32, 0.86, 457.11
18.50, 0.86, 457.11
19.48, 0.87, 467.85
17.32, 0.86, 467.85
19.14, 0.87, 467.85
19.65, 0.87, 467.85
19.31, 0.86, 467.85
18.66, 0.87, 467.85
18.04, 0.86, 457.11
17.60, 0.86, 457.11
17.32, 0.86, 457.11
18.50, 0.87, 457.11
19.65, 0.87, 446.37
19.31, 0.86, 446.37
18.19, 0.86, 446.37
17.60, 0.87, 446.37
19.48, 0.86, 435.63
18.66, 0.86, 446.37
17.05, 0.86, 446.37
18.04, 0.86, 457.11
18.98, 0.86, 467.85
17.89, 0.86, 467.85
19.31, 0.85, 467.85
17.46, 0.86, 467.85
19.31, 0.86, 467.85
18.81, 0.86, 467.85
17.32, 0.87, 467.85
17.89, 0.86, 467.85
17.60, 0.86, 457.11
18.98, 0.86, 457.11
17.60, 0.86, 457.11
19.48, 0.86, 446.37
19.65, 0.86, 446.37
19.14, 0.87, 457.11
18.34, 0.85, 457.11
17.60, 0.86, 446.37
18.19, 0.87, 446.37
18.50, 0.86, 446.37
17.89, 0.85, 446.37
17.60, 0.86, 446.37
17.32, 0.86, 446.37
19.31, 0.86, 446.37
18.19, 0.86, 446.37
18.34, 0.86, 446.37
17.32, 0.86, 446.37
19.65, 0.86, 446.37
19.14, 0.86, 446.37
19.31, 0.86, 457.11
18.34, 0.85, 467.85
19.31, 0.86, 467.85
19.48, 0.87, 467.85
19.82, 0.86, 467.85
18.98, 0.86, 478.59
17.89, 0.87, 478.59
18.81, 0.85, 478.59
18.66, 0.86, 478.59
17.89, 0.86, 478.59
18.66, 0.87, 467.85
19.65, 0.86, 467.85
17.32, 0.86, 457.11
17.89, 0.86, 457.11
19.31, 0.86, 457.11
17.89, 0.86, 446.37
19.82, 0.86, 446.37
17.60, 0.86, 446.37
20.18, 0.86, 446.37
19.48, 0.87, 446.37
18.98, 0.87, 446.37
18.19, 0.87, 446.37
19.31, 0.85, 446.37
20.00, 0.86, 446.37
18.98, 0.86, 446.37
19.65, 0.86, 446.37
18.66, 0.86, 446.37
18.81, 0.86, 446.37
17.60, 0.86, 446.37
18.34, 0.86, 446.37
19.31, 0.86, 446.37
18.19, 0.86, 446.37
18.81, 0.86, 457.11
17.89, 0.86, 457.11
17.89, 0.86, 457.11
18.50, 0.85, 457.11
17.60, 0.86, 457.11
18.98, 0.87, 457.11
17.18, 0.87, 457.11
19.65, 0.85, 457.11
17.89, 0.87, 457.11
19.14, 0.86, 457.11
18.04, 0.86, 446.37
18.66, 0.87, 457.11
17.89, 0.87, 446.37
17.89, 0.86, 446.37
17.89, 0.86, 446.37
17.32, 0.86, 457.11
18.34, 0.86, 457.11
18.66, 0.87, 457.11
20.00, 0.87, 446.37
19.65, 0.86, 446.37
20.00, 0.86, 446.37
17.60, 0.87, 446.37
18.98, 0.86, 457.11
18.98, 0.86, 457.11
17.60, 0.86, 457.11
17.60, 0.86, 457.11
19.48, 0.86, 457.11
18.81, 0.86, 457.11
17.60, 0.86, 457.11
18.50, 0.86, 467.85
19.31, 0.86, 467.85
18.98, 0.86, 457.11
19.31, 0.87, 457.11
17.89, 0.86, 457.11
18.66, 0.86, 457.11
17.60, 0.87, 457.11
19.31, 0.86, 457.11
18.81, 0.87, 467.85
18.50, 0.86, 457.11
19.31, 0.86, 457.11
19.65, 0.86, 457.11
18.50, 0.86, 457.11
19.65, 0.86, 457.11
17.60, 0.87, 446.37
17.32, 0.86, 446.37
17.89, 0.86, 446.37
18.98, 0.87, 446.37
19.31, 0.86, 446.37
17.89, 0.86, 446.37
19.65, 0.86, 446.37
19.65, 0.86, 446.37
18.66, 0.86, 446.37
18.04, 0.86, 446.37
19.65, 0.86, 446.37
19.31, 0.85, 457.11
17.89, 0.86, 457.11
17.60, 0.85, 457.11
17.89, 0.87, 457.11
20.00, 0.86, 446.37
17.89, 0.86, 446.37
20.36, 0.87, 446.37
19.65, 0.86, 446.37
20.00, 0.87, 446.37
19.65, 0.87, 446.37
19.48, 0.86, 435.63
18.98, 0.86, 435.63
19.48, 0.87, 435.63
18.04, 0.86, 446.37
19.82, 0.86, 446.37
19.14, 0.86, 446.37
20.36, 0.87, 446.37
19.31, 0.86, 446.37
20.00, 0.86, 446.37
18.50, 0.87, 446.37
18.19, 0.86, 446.37
19.65, 0.86, 457.11
18.50, 0.86, 457.11
20.36, 0.86, 446.37
20.36, 0.87, 446.37
17.75, 0.87, 446.37
17.89, 0.86, 446.37
19.31, 0.86, 446.37
20.00, 0.86, 457.11
17.89, 0.87, 457.11
18.66, 0.86, 446.37
19.65, 0.86, 446.37
17.89, 0.86, 446.37
18.19, 0.86, 446.37
18.66, 0.86, 446.37
18.19, 0.86, 446.37
20.36, 0.86, 457.11
19.65, 0.87, 457.11
19.48, 0.86, 457.11
18.50, 0.86, 457.11
18.50, 0.87, 457.11
19.65, 0.86, 457.11
19.65, 0.86, 457.11
20.00, 0.87, 457.11
17.89, 0.86, 457.11
17.75, 0.86, 457.11
18.66, 0.85, 457.11
17.18, 0.86, 457.11
19.65, 0.86, 457.11
19.65, 0.86, 457.11
18.34, 0.87, 457.11
18.19, 0.87, 457.11
19.65, 0.86, 457.11
18.19, 0.86, 457.11
17.32, 0.86, 446.37
19.65, 0.86, 446.37
19.65, 0.86, 446.37
18.19, 0.87, 435.63
17.75, 0.86, 446.37
18.50, 0.86, 435.63
17.60, 0.87, 446.37
17.60, 0.86, 446.37
17.05, 0.86, 446.37
20.00, 0.86, 457.11
19.65, 0.87, 457.11
17.89, 0.86, 457.11
18.66, 0.87, 457.11
20.00, 0.87, 457.11
17.60, 0.86, 457.11
19.65, 0.86, 457.11
19.48, 0.87, 446.37
18.66, 0.86, 446.37
17.89, 0.86, 446.37
18.04, 0.86, 446.37
17.60, 0.86, 446.37
18.04, 0.87, 446.37
20.00, 0.86, 446.37
18.04, 0.86, 446.37
18.34, 0.86, 446.37
19.82, 0.86, 446.37
19.14, 0.86, 446.37
20.00, 0.86, 446.37
17.75, 0.86, 446.37
18.50, 0.86, 446.37
19.82, 0.86, 446.37
18.66, 0.87, 457.11
17.89, 0.87, 446.37
18.66, 0.86, 446.37
20.36, 0.87, 446.37
20.36, 0.86, 446.37
20.00, 0.86, 446.37
19.14, 0.86, 446.37
17.89, 0.87, 457.11
18.66, 0.86, 457.11
17.89, 0.86, 457.11
20.00, 0.86, 457.11
18.98, 0.86, 467.85
19.82, 0.86, 478.59
18.19, 0.86, 478.59
18.19, 0.86, 489.34
20.00, 0.87, 489.34
20.00, 0.87, 478.59
20.00, 0.86, 478.59
18.98, 0.87, 478.59
18.50, 0.86, 478.59
18.50, 0.87, 467.85
18.04, 0.86, 457.11
19.31, 0.86, 446.37
20.55, 0.86, 446.37
19.31, 0.87, 446.37
17.89, 0.87, 446.37
19.65, 0.86, 457.11
20.36, 0.86, 446.37
18.81, 0.86, 457.11
20.00, 0.86, 457.11
18.19, 0.86, 457.11
18.81, 0.87, 457.11
20.00, 0.86, 457.11
19.14, 0.86, 446.37
18.04, 0.87, 457.11
17.89, 0.86, 446.37
19.82, 0.85, 446.37
19.65, 0.86, 446.37
17.89, 0.86, 446.37
17.60, 0.86, 446.37
18.04, 0.86, 446.37
18.34, 0.86, 446.37
18.50, 0.87, 457.11
20.00, 0.86, 457.11
19.65, 0.86, 457.11
19.48, 0.87, 457.11
17.89, 0.86, 457.11
17.60, 0.87, 457.11
18.19, 0.86, 457.11
18.50, 0.86, 457.11
19.48, 0.86, 467.85
17.89, 0.87, 467.85
19.31, 0.86, 457.11
18.66, 0.87, 467.85
19.48, 0.86, 457.11
17.89, 0.86, 457.11
18.19, 0.87, 457.11
18.50, 0.86, 457.11
17.89, 0.86, 457.11
19.82, 0.86, 457.11
17.60, 0.86, 457.11
20.00, 0.86, 446.37
18.50, 0.86, 457.11
17.89, 0.86, 457.11
18.50, 0.86, 457.11
17.89, 0.86, 457.11
17.89, 0.87, 457.11
18.50, 0.87, 457.11
19.65, 0.87, 457.11
18.19, 0.87, 457.11
18.81, 0.87, 457.11
18.04, 0.87, 446.37
20.36, 0.87, 446.37
19.14, 0.86, 446.37
19.65, 0.87, 446.37
20.00, 0.86, 457.11
18.66, 0.86, 457.11
19.31, 0.86, 457.11
17.60, 0.86, 457.11
20.36, 0.87, 467.85
19.14, 0.86, 467.85
18.50, 0.86, 467.85
20.55, 0.85, 457.11
18.98, 0.87, 457.11
17.89, 0.87, 457.11
20.36, 0.86, 457.11
18.81, 0.87, 457.11
18.19, 0.86, 457.11
17.60, 0.86, 457.11
19.65, 0.86, 446.37
20.00, 0.86, 446.37
19.48, 0.86, 446.37
17.60, 0.86, 446.37
17.60, 0.86, 446.37
17.89, 0.87, 446.37
18.19, 0.86, 446.37
20.00, 0.85, 457.11
20.36, 0.87, 457.11
20.36, 0.86, 457.11
18.50, 0.86, 467.85
19.31, 0.86, 467.85
19.14, 0.86, 457.11
18.19, 0.87, 457.11
20.55, 0.86, 457.11
18.19, 0.87, 467.85
20.18, 0.86, 467.85
19.31, 0.86, 457.11
20.36, 0.87, 457.11
19.65, 0.86, 457.11
20.74, 0.86, 446.37
19.82, 0.87, 446.37
19.65, 0.87, 446.37
17.89, 0.86, 446.37
20.00, 0.86, 446.37
20.36, 0.86, 446.37
20.18, 0.86, 446.37
20.18, 0.86, 446.37
19.65, 0.86, 457.11
20.36, 0.86, 457.11
20.00, 0.87, 467.85
20.00, 0.87, 457.11
19.48, 0.86, 467.85
18.19, 0.87, 467.85
18.81, 0.86, 467.85
19.14, 0.87, 467.85
18.19, 0.86, 467.85
20.36, 0.86, 467.85
19.65, 0.86, 467.85
20.36, 0.87, 457.11
20.36, 0.86, 457.11
20.55, 0.87, 457.11
20.00, 0.86, 457.11
20.36, 0.86, 457.11
17.89, 0.86, 457.11
20.55, 0.85, 446.37
20.18, 0.86, 446.37
18.34, 0.87, 457.11
19.48, 0.86, 457.11
20.36, 0.86, 457.11
19.65, 0.86, 467.85
19.82, 0.86, 467.85
20.18, 0.86, 467.85
18.04, 0.86, 467.85
20.36, 0.87, 467.85
19.65, 0.87, 467.85
19.48, 0.86, 467.85
18.19, 0.87, 467.85
18.34, 0.87, 457.11
19.65, 0.87, 457.11
18.04, 0.87, 457.11
18.50, 0.86, 457.11
20.55, 0.86, 457.11
20.74, 0.86, 457.11
18.19, 0.87, 457.11
20.00, 0.87, 457.11
20.00, 0.86, 457.11
17.89, 0.87, 467.85
19.82, 0.86, 457.11
19.65, 0.86, 457.11
19.31, 0.87, 457.11
20.36, 0.86, 467.85
19.14, 0.86, 457.11
19.48, 0.87, 457.11
17.75, 0.86, 446.37
19.82, 0.85, 446.37
18.19, 0.85, 446.37
18.66, 0.86, 446.37
20.36, 0.86, 446.37
19.48, 0.85, 446.37
17.89, 0.86, 446.37
17.89, 0.86, 446.37
18.04, 0.87, 446.37
19.65, 0.86, 457.11
17.89, 0.86, 467.85
20.00, 0.87, 467.85
20.00, 0.86, 478.59
18.19, 0.86, 478.59
20.36, 0.87, 478.59
18.50, 0.86, 478.59
18.50, 0.86, 478.59
18.19, 0.87, 478.59
19.31, 0.86, 478.59
19.48, 0.86, 467.85
19.48, 0.87, 467.85
18.34, 0.86, 467.85
19.65, 0.85, 457.11
18.34, 0.85, 457.11
19.48, 0.86, 446.37
19.14, 0.85, 457.11
17.60, 0.86, 457.11
19.65, 0.86, 457.11
18.34, 0.87, 457.11
18.50, 0.85, 457.11
18.50, 0.86, 467.85
18.19, 0.87, 457.11
19.65, 0.86, 457.11
19.48, 0.86, 467.85
18.66, 0.87, 467.85
18.81, 0.86, 467.85
18.98, 0.86, 467.85
17.89, 0.85, 457.11
17.89, 0.86, 457.11
18.81, 0.86, 457.11
20.00, 0.87, 457.11
18.98, 0.86, 457.11
18.50, 0.86, 457.11
20.55, 0.86, 457.11
20.00, 0.86, 457.11
19.48, 0.86, 446.37
19.48, 0.86, 457.11
18.98, 0.85, 457.11
17.75, 0.86, 457.11
19.14, 0.87, 457.11
20.00, 0.86, 457.11
18.81, 0.87, 467.85
18.04, 0.86, 457.11
18.19, 0.86, 457.11
20.00, 0.86, 457.11
20.00, 0.87, 457.11
20.18, 0.86, 457.11
19.48, 0.86, 446.37
18.66, 0.85, 457.11
19.14, 0.86, 457.11
20.00, 0.86, 457.11
20.00, 0.85, 457.11
20.00, 0.85, 457.11
20.55, 0.86, 467.85
20.18, 0.85, 467.85
18.66, 0.85, 457.11
20.00, 0.86, 467.85
20.55, 0.85, 467.85
19.82, 0.86, 457.11
20.00, 0.86, 457.11
20.93, 0.86, 457.11
19.65, 0.86, 457.11
18.98, 0.85, 467.85
20.00, 0.86, 457.11
20.36, 0.86, 457.11
20.00, 0.85, 467.85
18.19, 0.86, 457.11
19.31, 0.86, 467.85
19.82, 0.86, 457.11
19.31, 0.85, 457.11
18.50, 0.86, 457.11
19.65, 0.84, 457.11
18.50, 0.85, 446.37
18.34, 0.86, 446.37
20.18, 0.86, 446.37
18.19, 0.86, 446.37
19.82, 0.86, 446.37
18.66, 0.86, 446.37
18.50, 0.86, 446.37
20.00, 0.85, 446.37
20.00, 0.87, 457.11
19.65, 0.86, 457.11
19.65, 0.85, 457.11
19.48, 0.86, 457.11
20.00, 0.86, 457.11
18.66, 0.86, 457.11
20.74, 0.86, 457.11
18.19, 0.86, 467.85
18.04, 0.86, 457.11
17.89, 0.86, 457.11
19.14, 0.86, 446.37
20.36, 0.86, 457.11
19.65, 0.85, 446.37
20.55, 0.86, 446.37
18.34, 0.87, 446.37
18.04, 0.86, 446.37
18.98, 0.86, 446.37
20.36, 0.87, 446.37
20.74, 0.87, 446.37
18.81, 0.86, 446.37
17.89, 0.86, 457.11
18.50, 0.87, 446.37
18.19, 0.86, 457.11
20.00, 0.86, 457.11
20.00, 0.86, 457.11
20.74, 0.86, 457.11
19.31, 0.86, 457.11
19.65, 0.85, 457.11
18.50, 0.86, 457.11
20.00, 0.86, 457.11
18.66, 0.86, 467.85
18.04, 0.87, 457.11
19.65, 0.86, 457.11
19.65, 0.87, 457.11
19.65, 0.86, 457.11
18.66, 0.86, 457.11
19.48, 0.86, 457.11
17.89, 0.86, 457.11
18.19, 0.86, 457.11
20.36, 0.87, 457.11
20.00, 0.86, 446.37
17.89, 0.86, 446.37
18.50, 0.87, 446.37
18.98, 0.86, 446.37
20.36, 0.87, 446.37
19.65, 0.87, 446.37
18.50, 0.87, 446.37
21.12, 0.86, 435.63
18.98, 0.86, 446.37
21.12, 0.86, 446.37
19.65, 0.86, 446.37
18.66, 0.86, 446.37
19.48, 0.87, 446.37
18.19, 0.87, 446.37
18.34, 0.87, 457.11
18.66, 0.86, 457.11
18.81, 0.87, 457.11
20.36, 0.87, 467.85
18.81, 0.86, 457.11
20.00, 0.87, 467.85
18.50, 0.87, 467.85
20.00, 0.86, 467.85
18.19, 0.86, 478.59
18.50, 0.87, 467.85
18.50, 0.86, 467.85
18.98, 0.86, 467.85
19.65, 0.87, 467.85
19.82, 0.86, 467.85
18.50, 0.86, 467.85
18.50, 0.86, 457.11
20.36, 0.86, 467.85
19.82, 0.85, 467.85
20.18, 0.87, 457.11
19.48, 0.86, 457.11
20.36, 0.87, 457.11
19.65, 0.86, 446.37
20.00, 0.86, 457.11
19.65, 0.87, 457.11
19.14, 0.86, 446.37
21.12, 0.86, 457.11
18.81, 0.86, 457.11
21.12, 0.86, 446.37
20.00, 0.86, 446.37
19.65, 0.86, 446.37
18.50, 0.86, 446.37
19.65, 0.85, 446.37
20.55, 0.87, 446.37
20.36, 0.87, 446.37
18.34, 0.87, 446.37
18.98, 0.86, 446.37
19.14, 0.86, 446.37
19.31, 0.86, 446.37
19.65, 0.86, 446.37
20.55, 0.85, 446.37
19.48, 0.87, 446.37
20.00, 0.86, 446.37
18.34, 0.85, 446.37
18.50, 0.86, 446.37
20.74, 0.86, 446.37
20.00, 0.85, 446.37
20.00, 0.85, 446.37
18.81, 0.86, 457.11
18.50, 0.86, 457.11
19.48, 0.86, 446.37
20.00, 0.86, 446.37
18.34, 0.86, 457.11
20.00, 0.86, 446.37
18.66, 0.85, 446.37
18.66, 0.86, 446.37
19.31, 0.86, 446.37
18.50, 0.85, 446.37
19.48, 0.86, 446.37
20.00, 0.86, 446.37
20.36, 0.87, 446.37
18.98, 0.86, 446.37
19.48, 0.86, 446.37
20.00, 0.86, 446.37
18.81, 0.85, 457.11
20.00, 0.85, 446.37
19.65, 0.87, 457.11
18.04, 0.86, 446.37
17.89, 0.86, 446.37
19.14, 0.86, 457.11
18.50, 0.86, 457.11
18.81, 0.86, 467.85
20.00, 0.85, 467.85
18.50, 0.85, 467.85
20.36, 0.85, 467.85
18.50, 0.86, 467.85
18.50, 0.85, 467.85
18.50, 0.86, 467.85
18.50, 0.86, 467.85
19.65, 0.87, 467.85
20.36, 0.86, 457.11
19.48, 0.86, 446.37
18.66, 0.86, 446.37
20.36, 0.85, 446.37
18.66, 0.85, 446.37
18.66, 0.86, 446.37
18.66, 0.86, 446.37
18.98, 0.85, 446.37
18.66, 0.86, 446.37
18.81, 0.85, 446.37
20.18, 0.85, 446.37
20.00, 0.87, 457.11
19.65, 0.86, 457.11
18.34, 0.86, 457.11
19.65, 0.85, 457.11
20.36, 0.85, 457.11
18.66, 0.85, 457.11
18.19, 0.85, 457.11
19.14, 0.85, 457.11
18.19, 0.86, 457.11
20.36, 0.85, 457.11
18.98, 0.85, 446.37
20.00, 0.85, 446.37
20.74, 0.85, 446.37
18.19, 0.85, 446.37
18.34, 0.85, 446.37
18.66, 0.85, 446.37
18.19, 0.85, 446.37
20.74, 0.85, 446.37
20.74, 0.86, 446.37
19.14, 0.86, 457.11
20.00, 0.86, 457.11
18.34, 0.86, 457.11
19.31, 0.87, 457.11
18.50, 0.86, 457.11
18.66, 0.85, 467.85
21.12, 0.85, 467.85
19.14, 0.86, 467.85
20.00, 0.85, 467.85
18.19, 0.85, 457.11
19.65, 0.86, 467.85
18.19, 0.85, 467.85
18.50, 0.86, 457.11
20.74, 0.85, 457.11
20.93, 0.85, 457.11
18.50, 0.86, 457.11
20.36, 0.86, 446.37
19.48, 0.86, 446.37
20.00, 0.85, 446.37
18.34, 0.86, 446.37
19.31, 0.85, 446.37
18.19, 0.86, 457.11
18.50, 0.85, 457.11
18.66, 0.86, 457.11
18.50, 0.86, 457.11
18.50, 0.86, 457.11
19.31, 0.86, 457.11
20.93, 0.87, 457.11
18.50, 0.87, 457.11
20.55, 0.86, 457.11
20.55, 0.85, 457.11
20.74, 0.85, 467.85
20.74, 0.86, 467.85
18.34, 0.86, 467.85
19.65, 0.86, 467.85
19.48, 0.86, 467.85
20.74, 0.85, 478.59
18.50, 0.86, 478.59
20.18, 0.86, 467.85
18.50, 0.86, 478.59
18.66, 0.86, 478.59
19.31, 0.86, 467.85
20.55, 0.86, 457.11
20.18, 0.86, 457.11
19.31, 0.86, 457.11
19.65, 0.86, 457.11
17.89, 0.87, 457.11
19.65, 0.86, 457.11
19.14, 0.85, 457.11
19.82, 0.87, 457.11
18.04, 0.86, 446.37
20.36, 0.86, 457.11
21.12, 0.86, 457.11
20.36, 0.86, 446.37
19.48, 0.86, 446.37
19.65, 0.85, 446.37
21.12, 0.86, 446.37
19.82, 0.85, 446.37
18.98, 0.86, 446.37
18.66, 0.87, 446.37
18.50, 0.87, 457.11
19.14, 0.85, 457.11
20.36, 0.86, 457.11
20.36, 0.86, 446.37
18.50, 0.86, 457.11
20.55, 0.86, 457.11
17.89, 0.85, 457.11
18.50, 0.86, 457.11
18.50, 0.88, 457.11
20.55, 0.87, 457.11
18.34, 0.88, 457.11
19.82, 0.88, 457.11
18.04, 0.88, 467.85
20.93, 0.87, 467.85
18.04, 0.87, 467.85
18.50, 0.87, 467.85
18.04, 0.87, 467.85
18.04, 0.88, 467.85
18.50, 0.88, 467.85
18.81, 0.88, 467.85
18.50, 0.87, 467.85
20.36, 0.86, 467.85
18.98, 0.87, 467.85
19.65, 0.88, 467.85
19.65, 0.88, 467.85
18.34, 0.86, 467.85
18.66, 0.88, 467.85
19.14, 0.87, 467.85
19.48, 0.87, 467.85
20.00, 0.87, 467.85
20.18, 0.87, 457.11
20.36, 0.87, 457.11
18.04, 0.88, 457.11
18.34, 0.87, 457.11
18.50, 0.86, 457.11
19.82, 0.87, 457.11
20.18, 0.87, 457.11
20.00, 0.87, 457.11
20.00, 0.87, 457.11
20.18, 0.87, 457.11
20.55, 0.87, 467.85
20.00, 0.87, 467.85
18.04, 0.87, 467.85
20.00, 0.87, 467.85
19.65, 0.88, 467.85
17.75, 0.87, 467.85
17.89, 0.87, 467.85
19.48, 0.87, 467.85
19.82, 0.87, 467.85
20.00, 0.88, 467.85
46.37
19.31, 0.90, 446.37
19.48, 0.91, 435.63
20.93, 0.91, 435.63
20.18, 0.91, 435.63
20.93, 0.92, 435.63
21.32, 0.91, 435.63
18.98, 0.90, 424.88
20.36, 0.92, 424.88
21.52, 0.91, 424.88
20.93, 0.90, 424.88
20.00, 0.90, 424.88
20.55, 0.91, 424.88
20.36, 0.90, 435.63
20.18, 0.91, 424.88
19.82, 0.91, 435.63
18.98, 0.91, 435.63
19.48, 0.91, 435.63
21.32, 0.91, 446.37
20.93, 0.90, 446.37
19.82, 0.90, 446.37
21.73, 0.90, 435.63
21.32, 0.90, 435.63
19.31, 0.90, 435.63
19.14, 0.91, 435.63
20.18, 0.90, 435.63
21.52, 0.91, 435.63
19.82, 0.91, 424.88
20.00, 0.90, 424.88
19.48, 0.91, 414.14
20.00, 0.91, 414.14
21.73, 0.90, 414.14
20.36, 0.91, 424.88
18.81, 0.91, 414.14
19.31, 0.90, 414.14
18.98, 0.90, 414.14
21.52, 0.91, 414.14
20.93, 0.90, 424.88
19.31, 0.90, 424.88
18.98, 0.91, 414.14
20.93, 0.89, 424.88
