2
24.41 22.77 0.00
24.41 21.76 0.00
26.09 20.83 0.00
22.93 21.76 0.00
24.41 22.77 0.00
25.22 20.83 48.91
24.41 29.62 38.16
25.22 23.88 38.16
25.22 27.94 27.42
26.09 21.76 27.42
22.25 22.77 27.42
24.41 21.76 16.68
23.65 33.63 16.68
25.22 33.63 5.94
22.25 33.63 5.94
24.41 22.77 0.00
25.22 22.77 0.00
22.93 21.76 0.00
24.41 22.77 0.00
23.65 23.88 0.00
31.46 19.19 0.00
25.22 25.10 0.00
21.61 22.77 0.00
25.22 23.88 0.00
22.25 22.77 0.00
25.22 20.83 0.00
24.41 22.77 5.94
24.41 22.77 5.94
25.22 26.45 5.94
34.27 23.88 5.94
24.41 20.83 16.68
26.09 23.88 16.68
32.81 22.77 16.68
29.08 21.76 5.94
23.65 21.76 5.94
22.93 23.88 5.94
22.93 22.77 0.00
21.00 22.77 0.00
23.65 22.77 5.94
22.25 22.77 0.00
22.25 23.88 0.00
22.25 21.76 0.00
22.25 22.77 0.00
22.25 22.77 0.00
21.61 23.88 0.00
22.93 21.76 0.00
22.93 21.76 59.65
22.93 19.98 59.65
23.65 22.77 48.91
22.25 22.77 48.91
21.61 21.76 59.65
22.93 33.63 59.65
22.25 26.45 48.91
22.93 21.76 59.65
21.61 22.77 59.65
23.65 23.88 59.65
23.65 21.76 0.00
25.22 26.45 0.00
20.43 23.88 0.00
21.00 23.88 0.00
21.00 23.88 0.00
25.22 25.10 0.00
23.65 22.77 0.00
20.43 20.83 0.00
23.65 20.83 0.00
23.65 22.77 0.00
22.25 22.77 0.00
21.61 21.76 0.00
22.25 22.77 0.00
22.25 22.77 0.00
24.41 23.88 0.00
22.25 33.63 0.00
23.65 22.77 0.00
22.93 22.77 0.00
22.93 23.88 0.00
23.65 29.62 0.00
23.65 25.10 0.00
22.93 21.76 0.00
22.93 22.77 0.00
23.65 23.88 0.00
22.93 23.88 0.00
22.93 22.77 0.00
22.25 23.88 0.00
22.93 23.88 0.00
29.08 31.50 0.00
24.41 26.45 0.00
22.93 26.45 0.00
22.93 22.77 0.00
23.65 22.77 0.00
23.65 23.88 0.00
23.65 23.88 0.00
22.93 23.88 0.00
23.65 23.88 0.00
23.65 22.77 0.00
22.93 22.77 0.00
30.22 33.63 0.00
34.27 26.45 0.00
22.93 33.63 0.00
23.65 23.88 0.00
22.93 23.88 0.00
23.65 22.77 0.00
23.65 23.88 0.00
23.65 22.77 0.00
23.65 31.50 0.00
23.65 21.76 0.00
30.22 22.77 0.00
22.25 23.88 0.00
23.65 21.76 0.00
24.41 22.77 0.00
24.41 21.76 0.00
22.93 22.77 0.00
22.93 31.50 0.00
28.01 27.94 0.00
21.61 22.77 0.00
23.65 22.77 0.00
23.65 21.76 0.00
23.65 20.83 0.00
23.65 22.77 0.00
25.22 26.45 0.00
24.41 21.76 0.00
23.65 29.62 0.00
24.41 22.77 0.00
23.65 22.77 0.00
22.93 21.76 0.00
23.65 22.77 0.00
35.86 31.50 0.00
25.22 22.77 0.00
22.25 23.88 0.00
23.65 29.62 0.00
22.25 21.76 0.00
26.09 20.83 0.00
22.93 23.88 0.00
32.81 22.77 0.00
24.41 22.77 0.00
23.65 22.77 38.16
23.65 22.77 38.16
24.41 27.94 38.16
32.81 33.63 48.91
31.46 21.76 48.91
23.65 20.83 48.91
23.65 20.83 48.91
21.61 20.83 48.91
22.93 22.77 48.91
22.93 21.76 59.65
23.65 19.98 16.68
24.41 21.76 16.68
32.81 22.77 16.68
22.93 22.77 5.94
25.22 22.77 0.00
21.61 22.77 5.94
21.61 20.83 5.94
23.65 23.88 5.94
24.41 23.88 5.94
22.93 23.88 0.00
24.41 27.94 0.00
23.65 20.83 0.00
24.41 22.77 0.00
25.22 21.76 0.00
24.41 23.88 0.00
24.41 26.45 0.00
23.65 23.88 0.00
23.65 20.83 0.00
23.65 22.77 0.00
23.65 23.88 0.00
35.86 22.77 0.00
22.25 22.77 0.00
23.65 23.88 0.00
24.41 22.77 0.00
24.41 21.76 0.00
23.65 31.50 0.00
23.65 20.83 0.00
24.41 21.76 0.00
24.41 20.83 0.00
24.41 27.94 0.00
30.22 29.62 0.00
24.41 26.45 0.00
22.93 23.88 0.00
21.61 21.76 0.00
24.41 22.77 0.00
22.93 21.76 0.00
24.41 19.98 0.00
25.22 25.10 0.00
22.93 31.50 0.00
24.41 22.77 0.00
21.61 22.77 0.00
23.65 22.77 0.00
25.22 23.88 0.00
22.25 21.76 0.00
26.09 21.76 0.00
24.41 20.83 0.00
23.65 21.76 0.00
23.65 22.77 0.00
23.65 22.77 0.00
23.65 25.10 0.00
25.22 20.83 0.00
25.22 23.88 0.00
24.41 23.88 0.00
23.65 21.76 0.00
25.22 21.76 0.00
24.41 22.77 0.00
23.65 22.77 0.00
24.41 21.76 0.00
23.65 20.83 0.00
22.93 22.77 0.00
39.53 22.77 0.00
24.41 22.77 0.00
32.81 21.76 0.00
24.41 21.76 0.00
24.41 21.76 0.00
24.41 22.77 0.00
22.93 26.45 0.00
24.41 23.88 0.00
22.25 25.10 0.00
24.41 20.83 0.00
22.93 21.76 0.00
25.22 23.88 0.00
28.01 21.76 0.00
24.41 21.76 0.00
22.93 23.88 0.00
22.25 23.88 0.00
32.81 22.77 0.00
24.41 20.83 0.00
21.61 23.88 0.00
34.27 22.77 0.00
23.65 23.88 0.00
22.93 22.77 0.00
32.81 26.45 0.00
22.93 21.76 0.00
24.41 22.77 0.00
24.41 21.76 0.00
24.41 20.83 0.00
24.41 29.62 0.00
23.65 20.83 0.00
23.65 21.76 0.00
23.65 20.83 0.00
22.93 21.76 0.00
23.65 21.76 0.00
35.86 23.88 0.00
21.61 23.88 0.00
22.93 22.77 0.00
25.22 31.50 0.00
25.22 23.88 0.00
25.22 22.77 0.00
21.61 22.77 0.00
24.41 21.76 0.00
23.65 23.88 0.00
22.93 20.83 0.00
22.93 27.94 0.00
24.41 22.77 0.00
27.02 19.19 0.00
22.25 22.77 0.00
24.41 23.88 0.00
24.41 20.83 0.00
23.65 22.77 0.00
23.65 22.77 0.00
23.65 26.45 0.00
24.41 21.76 0.00
21.61 22.77 0.00
24.41 22.77 0.00
23.65 22.77 0.00
24.41 21.76 0.00
25.22 21.76 0.00
22.25 26.45 0.00
25.22 19.98 0.00
24.41 20.83 0.00
34.27 21.76 0.00
23.65 22.77 0.00
21.61 31.50 0.00
24.41 21.76 5.94
24.41 23.88 5.94
27.02 27.94 0.00
24.41 22.77 0.00
24.41 23.88 0.00
24.41 23.88 0.00
23.65 21.76 0.00
24.41 33.63 0.00
23.65 25.10 0.00
23.65 22.77 0.00
23.65 22.77 0.00
27.02 22.77 0.00
22.93 22.77 0.00
23.65 36.07 0.00
30.22 23.88 0.00
28.01 20.83 5.94
24.41 21.76 5.94
24.41 21.76 5.94
34.27 33.63 5.94
23.65 38.88 0.00
25.22 21.76 5.94
24.41 21.76 5.94
25.22 22.77 0.00
25.22 23.88 0.00
23.65 22.77 0.00
20.43 23.88 0.00
24.41 22.77 0.00
23.65 23.88 0.00
34.27 25.10 0.00
23.65 23.88 0.00
25.22 25.10 0.00
23.65 31.50 0.00
23.65 33.63 0.00
22.93 22.77 0.00
22.93 22.77 0.00
24.41 20.83 0.00
35.86 21.76 0.00
23.65 21.76 0.00
23.65 23.88 0.00
21.61 36.07 0.00
23.65 22.77 0.00
23.65 22.77 0.00
25.22 20.83 0.00
39.53 22.77 0.00
23.65 21.76 0.00
23.65 23.88 0.00
23.65 22.77 0.00
25.22 22.77 0.00
26.09 27.94 0.00
26.09 25.10 0.00
25.22 22.77 0.00
24.41 21.76 0.00
23.65 20.83 0.00
23.65 21.76 0.00
27.02 23.88 0.00
25.22 22.77 0.00
29.08 22.77 0.00
25.22 27.94 0.00
25.22 23.88 0.00
24.41 23.88 0.00
24.41 22.77 0.00
30.22 21.76 0.00
32.81 23.88 0.00
24.41 22.77 0.00
25.22 22.77 0.00
25.22 22.77 0.00
31.46 29.62 0.00
23.65 23.88 0.00
23.65 23.88 0.00
25.22 22.77 0.00
23.65 31.50 5.94
22.25 23.88 0.00
25.22 22.77 5.94
27.02 23.88 5.94
23.65 23.88 0.00
24.41 20.83 0.00
23.65 23.88 0.00
23.65 21.76 0.00
21.61 23.88 0.00
23.65 21.76 0.00
25.22 21.76 0.00
25.22 23.88 0.00
25.22 21.76 0.00
22.25 22.77 0.00
26.09 27.94 0.00
23.65 23.88 0.00
25.22 19.98 0.00
23.65 23.88 0.00
25.22 31.50 0.00
25.22 33.63 0.00
25.22 23.88 0.00
23.65 33.63 0.00
32.81 22.77 0.00
25.22 22.77 0.00
25.22 22.77 0.00
21.61 23.88 0.00
22.93 23.88 0.00
24.41 23.88 0.00
26.09 22.77 0.00
27.02 23.88 0.00
26.09 25.10 0.00
21.61 23.88 0.00
25.22 23.88 0.00
39.53 23.88 0.00
24.41 22.77 0.00
23.65 22.77 0.00
23.65 23.88 0.00
25.22 22.77 0.00
29.08 22.77 0.00
35.86 25.10 0.00
25.22 22.77 0.00
27.02 22.77 0.00
25.22 22.77 0.00
22.93 21.76 0.00
24.41 22.77 0.00
31.46 19.98 0.00
25.22 25.10 0.00
24.41 23.88 0.00
28.01 25.10 0.00
24.41 20.83 0.00
26.09 21.76 0.00
26.09 21.76 0.00
26.09 22.77 0.00
25.22 20.83 0.00
25.22 23.88 0.00
37.61 22.77 0.00
22.93 23.88 0.00
32.81 20.83 0.00
25.22 23.88 0.00
25.22 22.77 0.00
25.22 26.45 0.00
26.09 23.88 0.00
27.02 22.77 0.00
24.41 26.45 0.00
25.22 25.10 0.00
30.22 23.88 0.00
23.65 20.83 0.00
26.09 27.94 0.00
25.22 22.77 0.00
26.09 21.76 0.00
22.93 23.88 0.00
21.00 21.76 0.00
26.09 25.10 0.00
25.22 22.77 0.00
25.22 21.76 0.00
22.25 31.50 0.00
29.08 23.88 0.00
22.93 22.77 0.00
26.09 22.77 0.00
27.02 25.10 0.00
25.22 23.88 0.00
26.09 22.77 0.00
23.65 25.10 0.00
32.81 31.50 0.00
30.22 23.88 0.00
24.41 23.88 0.00
25.22 19.98 0.00
25.22 21.76 0.00
23.65 22.77 0.00
23.65 29.62 0.00
25.22 26.45 0.00
25.22 23.88 0.00
22.93 22.77 0.00
26.09 23.88 0.00
27.02 23.88 0.00
25.22 22.77 0.00
25.22 25.10 0.00
25.22 20.83 0.00
25.22 22.77 0.00
24.41 21.76 0.00
25.22 19.19 0.00
26.09 21.76 0.00
25.22 23.88 0.00
27.02 26.45 0.00
27.02 23.88 0.00
25.22 27.94 0.00
27.02 22.77 0.00
24.41 26.45 0.00
23.65 21.76 0.00
26.09 22.77 0.00
24.41 23.88 0.00
24.41 22.77 0.00
26.09 20.83 0.00
22.25 23.88 0.00
32.81 25.10 0.00
25.22 23.88 0.00
24.41 25.10 0.00
22.93 21.76 0.00
26.09 22.77 0.00
23.65 22.77 0.00
25.22 22.77 0.00
24.41 23.88 0.00
25.22 42.17 0.00
24.41 22.77 0.00
25.22 25.10 0.00
26.09 21.76 0.00
25.22 19.19 0.00
25.22 23.88 0.00
32.81 19.98 0.00
23.65 22.77 0.00
22.93 33.63 0.00
26.09 23.88 0.00
22.93 23.88 0.00
25.22 22.77 0.00
24.41 21.76 0.00
30.22 23.88 0.00
25.22 25.10 0.00
25.22 23.88 0.00
23.65 21.76 0.00
25.22 26.45 0.00
25.22 26.45 0.00
26.09 23.88 0.00
24.41 21.76 0.00
23.65 20.83 0.00
24.41 21.76 0.00
24.41 23.88 0.00
28.01 23.88 0.00
22.93 20.83 0.00
24.41 33.63 0.00
22.93 21.76 0.00
27.02 23.88 0.00
24.41 22.77 0.00
23.65 21.76 0.00
22.93 26.45 0.00
22.93 23.88 0.00
25.22 21.76 0.00
29.08 22.77 0.00
23.65 23.88 0.00
28.01 23.88 0.00
23.65 19.98 0.00
30.22 22.77 0.00
23.65 25.10 0.00
22.25 26.45 0.00
25.22 20.83 0.00
24.41 20.83 0.00
28.01 23.88 0.00
27.02 22.77 0.00
24.41 33.63 0.00
23.65 23.88 0.00
25.22 26.45 0.00
39.53 22.77 0.00
24.41 21.76 0.00
24.41 23.88 0.00
25.22 22.77 0.00
32.81 20.83 0.00
25.22 23.88 0.00
26.09 21.76 5.94
28.01 29.62 0.00
25.22 31.50 0.00
31.46 23.88 0.00
25.22 22.77 0.00
22.93 20.83 0.00
24.41 17.79 0.00
25.22 25.10 0.00
24.41 20.83 0.00
29.08 21.76 0.00
21.61 20.83 0.00
24.41 20.83 0.00
26.09 21.76 0.00
28.01 20.83 0.00
22.93 33.63 0.00
29.08 38.88 0.00
26.09 22.77 0.00
30.22 21.76 0.00
24.41 25.10 0.00
25.22 22.77 0.00
25.22 20.83 0.00
25.22 21.76 0.00
25.22 23.88 0.00
25.22 20.83 5.94
24.41 23.88 5.94
22.93 23.88 5.94
39.53 23.88 5.94
23.65 31.50 5.94
25.22 22.77 5.94
25.22 23.88 0.00
25.22 26.45 0.00
21.61 26.45 0.00
28.01 22.77 0.00
23.65 22.77 0.00
24.41 21.76 0.00
25.22 22.77 0.00
24.41 26.45 0.00
26.09 20.83 0.00
25.22 20.83 0.00
25.22 23.88 0.00
24.41 21.76 0.00
24.41 21.76 0.00
25.22 22.77 0.00
25.22 22.77 0.00
24.41 20.83 0.00
25.22 20.83 0.00
21.00 22.77 0.00
22.25 25.10 0.00
23.65 29.62 0.00
27.02 21.76 0.00
23.65 23.88 0.00
25.22 26.45 0.00
25.22 20.83 0.00
25.22 25.10 0.00
25.22 22.77 0.00
25.22 25.10 0.00
25.22 26.45 0.00
24.41 21.76 0.00
26.09 21.76 0.00
24.41 46.05 0.00
22.93 22.77 0.00
24.41 21.76 0.00
24.41 22.77 0.00
24.41 27.94 0.00
24.41 26.45 0.00
25.22 26.45 0.00
25.22 21.76 5.94
23.65 23.88 0.00
26.09 22.77 5.94
25.22 21.76 5.94
23.65 22.77 0.00
25.22 22.77 0.00
22.93 22.77 0.00
23.65 21.76 0.00
23.65 21.76 0.00
24.41 29.62 0.00
31.46 20.83 0.00
25.22 29.62 0.00
41.65 22.77 0.00
21.00 22.77 0.00
23.65 20.83 0.00
24.41 21.76 0.00
29.08 20.83 0.00
24.41 29.62 0.00
24.41 22.77 0.00
21.61 21.76 0.00
34.27 21.76 0.00
23.65 21.76 0.00
25.22 23.88 0.00
24.41 29.62 0.00
41.65 21.76 0.00
22.93 25.10 0.00
25.22 23.88 0.00
31.46 22.77 0.00
22.93 22.77 0.00
23.65 20.83 0.00
23.65 22.77 0.00
25.22 25.10 0.00
24.41 22.77 0.00
25.22 20.83 0.00
24.41 21.76 0.00
23.65 23.88 0.00
25.22 36.07 0.00
29.08 21.76 0.00
25.22 21.76 0.00
34.27 22.77 0.00
24.41 33.63 0.00
24.41 22.77 0.00
28.01 23.88 0.00
41.65 20.83 0.00
23.65 23.88 0.00
21.61 21.76 0.00
24.41 21.76 0.00
23.65 23.88 0.00
24.41 20.83 0.00
29.08 21.76 0.00
24.41 22.77 0.00
24.41 31.50 0.00
24.41 23.88 5.94
25.22 23.88 5.94
23.65 20.83 5.94
24.41 23.88 5.94
23.65 19.98 0.00
23.65 20.83 0.00
25.22 20.83 0.00
23.65 23.88 5.94
25.22 21.76 0.00
24.41 22.77 0.00
32.81 29.62 0.00
23.65 20.83 0.00
25.22 22.77 0.00
25.22 22.77 0.00
37.61 25.10 0.00
22.93 20.83 0.00
20.43 22.77 0.00
25.22 33.63 0.00
28.01 22.77 0.00
22.93 23.88 0.00
24.41 21.76 0.00
25.22 19.19 0.00
25.22 22.77 0.00
25.22 22.77 0.00
23.65 21.76 0.00
24.41 36.07 0.00
25.22 20.83 0.00
32.81 23.88 0.00
34.27 21.76 0.00
26.09 29.62 0.00
24.41 20.83 0.00
21.61 23.88 0.00
25.22 26.45 0.00
25.22 23.88 0.00
23.65 22.77 0.00
25.22 20.83 0.00
26.09 21.76 0.00
22.93 22.77 0.00
23.65 22.77 5.94
25.22 27.94 5.94
37.61 23.88 5.94
28.01 23.88 16.68
21.61 20.83 16.68
27.02 22.77 16.68
22.93 21.76 5.94
24.41 20.83 5.94
25.22 23.88 5.94
23.65 21.76 5.94
25.22 23.88 0.00
31.46 23.88 0.00
29.08 21.76 0.00
25.22 25.10 0.00
39.53 22.77 0.00
25.22 22.77 0.00
25.22 25.10 0.00
24.41 23.88 0.00
25.22 38.88 0.00
26.09 21.76 0.00
21.61 33.63 0.00
25.22 21.76 0.00
24.41 29.62 0.00
25.22 22.77 0.00
25.22 22.77 0.00
24.41 22.77 0.00
37.61 20.83 0.00
25.22 20.83 0.00
25.22 20.83 0.00
32.81 21.76 0.00
27.02 22.77 0.00
23.65 22.77 0.00
26.09 22.77 0.00
24.41 26.45 0.00
25.22 31.50 0.00
25.22 31.50 0.00
22.93 21.76 0.00
25.22 22.77 0.00
28.01 20.83 0.00
25.22 23.88 0.00
25.22 20.83 0.00
29.08 25.10 0.00
28.01 22.77 0.00
41.65 23.88 0.00
34.27 21.76 0.00
25.22 22.77 0.00
27.02 20.83 0.00
24.41 21.76 0.00
25.22 31.50 0.00
24.41 20.83 0.00
22.93 31.50 0.00
25.22 20.83 0.00
29.08 22.77 0.00
22.25 22.77 0.00
26.09 22.77 0.00
22.93 23.88 0.00
28.01 23.88 0.00
22.25 22.77 0.00
25.22 20.83 0.00
25.22 21.76 0.00
25.22 46.05 0.00
29.08 20.83 0.00
41.65 20.83 0.00
25.22 29.62 0.00
25.22 23.88 0.00
26.09 20.83 0.00
28.01 23.88 0.00
25.22 23.88 0.00
25.22 23.88 0.00
23.65 20.83 0.00
24.41 21.76 0.00
22.25 21.76 0.00
24.41 22.77 0.00
22.25 20.83 0.00
29.08 22.77 0.00
25.22 23.88 0.00
22.93 23.88 0.00
25.22 23.88 0.00
26.09 20.83 0.00
24.41 20.83 0.00
24.41 21.76 0.00
28.01 20.83 0.00
31.46 22.77 0.00
37.61 20.83 0.00
34.27 20.83 0.00
26.09 16.57 0.00
22.25 20.83 0.00
24.41 20.83 0.00
39.53 21.76 0.00
24.41 25.10 0.00
32.81 23.88 0.00
24.41 22.77 0.00
22.93 20.83 0.00
25.22 33.63 0.00
28.01 36.07 0.00
24.41 21.76 0.00
25.22 27.94 0.00
24.41 22.77 0.00
25.22 25.10 0.00
25.22 21.76 0.00
25.22 23.88 0.00
27.02 23.88 0.00
24.41 20.83 0.00
