5.70 17.62 650.47
13.31 17.96 639.73
20.74 17.62 639.73
24.74 19.48 639.73
26.11 18.69 639.73
26.70 16.66 639.73
27.30 18.32 639.73
26.70 17.96 639.73
27.00 16.66 628.98
27.00 19.48 628.98
27.00 18.32 628.98
27.00 17.62 639.73
27.94 18.69 628.98
26.40 19.90 628.98
27.30 16.66 639.73
27.00 18.69 628.98
27.30 16.07 628.98
27.00 16.96 628.98
27.30 16.96 628.98
26.70 16.66 628.98
27.30 18.69 628.98
27.30 19.08 618.24
27.00 18.69 618.24
27.30 17.62 618.24
27.30 16.66 618.24
27.62 19.48 628.98
27.30 17.29 628.98
27.00 20.33 628.98
27.30 20.33 628.98
27.62 19.48 628.98
27.30 18.69 639.73
27.62 17.62 639.73
27.30 19.48 639.73
27.30 17.29 628.98
27.30 19.08 639.73
27.00 17.29 628.98
27.62 20.79 628.98
27.00 20.79 628.98
27.30 17.96 628.98
27.62 16.66 639.73
26.70 19.90 639.73
27.30 20.33 639.73
27.30 19.90 650.47
27.00 18.69 650.47
27.30 17.29 650.47
27.30 19.90 650.47
26.11 20.33 650.47
27.30 19.90 650.47
27.30 19.08 650.47
27.30 16.96 650.47
27.30 18.32 639.73
27.30 17.96 639.73
26.11 20.79 628.98
26.40 19.90 628.98
27.00 19.48 628.98
27.00 19.48 628.98
26.11 17.62 628.98
26.70 16.96 628.98
27.30 19.48 628.98
27.00 19.08 639.73
27.00 18.69 639.73
27.30 18.32 639.73
27.00 20.33 639.73
26.70 21.26 639.73
26.70 18.69 628.98
27.30 19.90 639.73
26.40 17.96 628.98
27.00 19.90 628.98
27.00 18.32 628.98
27.00 19.48 628.98
27.30 19.08 628.98
26.11 19.90 628.98
27.00 20.33 628.98
27.00 21.26 628.98
27.00 18.32 628.98
27.00 19.48 628.98
26.70 17.62 639.73
27.00 19.90 639.73
27.00 20.33 639.73
26.70 18.32 639.73
27.00 20.33 639.73
26.70 19.90 639.73
25.83 19.90 650.47
26.40 20.33 650.47
26.70 16.96 661.21
26.40 19.90 661.21
27.30 19.08 650.47
26.70 21.26 661.21
26.70 20.33 661.21
27.30 18.32 661.21
26.70 18.69 661.21
27.30 19.90 671.95
26.70 19.08 671.95
27.00 18.32 671.95
26.70 19.48 671.95
27.30 16.66 671.95
27.00 17.29 671.95
26.40 21.26 661.21
27.30 20.79 671.95
26.70 17.62 661.21
26.70 17.96 671.95
26.70 19.90 661.21
27.30 21.26 661.21
27.62 18.32 661.21
28.60 19.90 661.21
27.94 18.32 650.47
27.30 18.32 650.47
27.00 17.96 650.47
27.30 18.32 639.73
27.00 16.96 650.47
26.70 19.08 650.47
27.00 19.90 650.47
26.70 21.26 650.47
26.70 21.26 650.47
26.40 19.48 650.47
27.00 17.29 650.47
27.00 19.90 661.21
26.40 19.90 661.21
25.83 20.33 661.21
27.00 19.48 671.95
26.70 21.26 661.21
26.40 16.66 661.21
26.11 17.96 671.95
26.40 19.48 671.95
26.40 19.08 671.95
26.40 17.96 671.95
26.70 16.66 671.95
26.70 17.62 671.95
27.30 17.29 671.95
25.83 19.90 650.47
26.40 17.96 661.21
26.70 17.29 661.21
27.00 18.69 661.21
27.00 19.90 650.47
26.70 20.33 650.47
26.40 18.69 661.21
26.40 21.76 650.47
26.40 18.69 650.47
27.00 20.33 650.47
27.30 20.33 650.47
26.70 20.79 650.47
26.70 20.33 650.47
26.40 18.32 650.47
26.70 19.90 650.47
26.70 21.26 639.73
27.30 19.90 639.73
27.00 17.62 650.47
27.00 19.90 650.47
27.00 20.33 650.47
26.40 20.79 650.47
26.70 19.08 639.73
27.00 19.90 639.73
26.70 17.96 628.98
26.70 19.90 628.98
27.00 20.33 639.73
27.00 19.08 628.98
27.30 18.32 628.98
26.11 21.26 628.98
26.70 20.33 618.24
26.40 20.79 618.24
26.70 19.48 628.98
26.40 17.62 628.98
26.70 18.69 618.24
26.70 18.69 618.24
26.11 18.32 618.24
26.40 17.29 618.24
26.70 21.26 618.24
26.70 19.90 618.24
26.70 20.33 618.24
26.40 17.96 618.24
26.40 17.29 618.24
26.70 18.32 618.24
26.70 17.29 628.98
26.40 17.29 628.98
26.70 17.29 639.73
27.00 17.96 639.73
27.30 19.48 639.73
26.70 20.79 639.73
26.11 18.69 639.73
26.11 20.79 639.73
26.70 21.26 639.73
26.70 19.08 639.73
27.00 20.33 628.98
28.27 20.79 628.98
27.94 19.48 628.98
27.62 20.33 618.24
27.94 17.96 618.24
26.40 18.32 618.24
26.70 17.29 618.24
26.40 20.33 618.24
27.00 20.33 607.50
27.00 19.90 618.24
26.70 19.08 607.50
27.30 19.90 607.50
27.00 17.96 607.50
27.00 16.36 618.24
26.70 16.36 618.24
27.00 21.76 618.24
26.40 20.33 628.98
26.70 21.76 628.98
26.70 18.69 628.98
26.40 21.26 639.73
26.40 17.96 639.73
26.40 18.69 650.47
26.40 18.69 661.21
26.70 17.29 650.47
26.70 20.33 650.47
26.40 20.33 661.21
26.70 18.32 661.21
26.70 17.62 661.21
26.40 17.29 661.21
26.70 18.32 650.47
27.00 20.79 650.47
26.70 20.33 650.47
26.70 18.32 639.73
27.00 19.48 639.73
26.70 19.90 639.73
27.00 21.76 639.73
26.70 19.08 628.98
26.70 18.32 639.73
27.00 21.76 628.98
26.70 20.79 628.98
27.00 21.76 628.98
26.70 18.32 628.98
26.70 18.32 628.98
25.83 16.66 628.98
25.83 19.48 628.98
26.70 19.08 639.73
26.70 18.32 639.73
26.70 18.69 639.73
27.00 19.48 639.73
27.00 16.66 650.47
27.30 17.29 650.47
26.70 18.32 650.47
26.40 17.96 650.47
27.30 19.90 650.47
26.70 19.08 650.47
25.55 17.96 650.47
26.70 19.90 650.47
26.40 17.62 650.47
26.70 17.62 661.21
26.11 19.90 661.21
26.40 20.79 661.21
26.40 20.33 661.21
26.11 20.33 661.21
26.11 17.29 661.21
26.40 19.48 661.21
26.40 21.76 661.21
26.40 16.66 661.21
25.55 21.26 661.21
25.55 20.33 650.47
26.11 17.62 650.47
26.40 20.79 650.47
26.11 18.32 650.47
26.11 20.79 639.73
27.00 16.66 639.73
26.70 20.79 639.73
27.00 19.90 628.98
27.00 19.90 628.98
27.00 21.26 628.98
26.70 19.90 628.98
27.00 19.90 628.98
27.30 19.48 639.73
27.62 17.96 639.73
27.30 20.33 639.73
27.30 17.62 639.73
27.30 18.69 639.73
27.30 17.62 639.73
27.30 19.90 639.73
27.00 17.29 639.73
27.00 19.48 628.98
26.70 21.26 628.98
26.70 19.90 628.98
27.00 20.33 628.98
27.00 19.90 628.98
26.40 19.48 618.24
26.40 17.96 618.24
26.11 21.76 618.24
25.55 20.33 607.50
26.11 18.32 607.50
26.11 21.76 607.50
25.83 21.26 607.50
25.55 20.33 607.50
25.83 19.90 607.50
24.74 16.96 607.50
25.27 19.48 618.24
26.11 19.90 618.24
26.11 16.96 618.24
25.83 21.26 628.98
26.11 17.96 628.98
25.83 21.76 628.98
25.55 19.48 628.98
25.83 19.48 639.73
25.55 17.29 639.73
25.83 17.96 639.73
25.83 19.90 650.47
26.70 20.79 650.47
26.40 19.90 693.44
26.70 17.96 736.41
27.00 19.48 736.41
27.00 18.32 747.15
26.70 17.96 747.15
27.30 18.69 736.41
27.30 19.48 736.41
27.00 20.33 725.66
26.70 20.33 725.66
27.00 18.69 714.92
27.00 19.48 671.95
27.00 21.26 639.73
26.70 19.48 639.73
27.00 20.79 639.73
26.40 21.26 639.73
26.11 19.48 628.98
26.40 17.96 639.73
26.40 18.69 650.47
26.40 18.69 650.47
25.83 19.08 650.47
26.40 17.29 661.21
25.55 19.08 661.21
25.27 17.62 661.21
25.27 20.79 661.21
25.55 20.33 671.95
25.55 17.62 671.95
25.01 16.96 661.21
25.27 20.79 671.95
25.55 20.79 671.95
26.11 21.26 661.21
24.74 19.48 661.21
25.01 21.26 661.21
25.83 21.26 661.21
25.83 20.79 671.95
25.83 18.69 661.21
27.00 21.26 661.21
26.11 19.48 661.21
27.00 19.08 650.47
28.60 19.48 661.21
26.40 19.48 661.21
26.40 21.76 661.21
36.68 18.32 661.21
25.55 17.96 661.21
25.83 18.32 661.21
26.40 18.32 661.21
28.27 16.36 661.21
30.39 18.32 661.21
21.94 21.26 661.21
22.81 19.90 661.21
25.27 20.79 661.21
25.83 19.08 661.21
26.11 17.96 661.21
26.70 18.69 661.21
25.83 20.33 661.21
25.83 19.90 661.21
25.27 16.96 661.21
24.74 19.48 661.21
24.74 21.76 661.21
25.27 18.69 650.47
26.11 17.96 650.47
25.55 19.90 650.47
24.49 20.79 650.47
25.55 21.76 639.73
25.55 20.33 650.47
25.01 16.96 650.47
25.27 16.66 639.73
25.83 20.33 639.73
25.55 19.90 639.73
25.55 19.48 639.73
26.40 17.29 650.47
25.83 20.79 639.73
26.40 20.33 639.73
26.40 20.33 639.73
26.40 22.27 639.73
26.70 18.32 639.73
27.00 19.08 650.47
26.70 20.79 650.47
26.11 19.08 650.47
26.70 20.79 650.47
27.00 17.96 639.73
27.30 20.33 639.73
27.30 21.76 650.47
27.00 20.33 650.47
26.11 20.79 650.47
26.40 19.90 650.47
27.00 20.33 650.47
26.40 17.96 650.47
26.11 21.26 639.73
26.11 17.29 650.47
26.11 17.96 650.47
26.11 21.26 639.73
25.83 19.48 639.73
25.55 21.76 639.73
25.55 19.48 639.73
25.55 19.90 639.73
25.01 18.32 639.73
25.01 21.76 639.73
25.55 19.90 650.47
25.27 19.90 650.47
25.27 17.29 661.21
25.83 19.08 661.21
25.83 19.48 650.47
25.83 19.48 650.47
25.83 21.76 650.47
26.11 18.69 650.47
25.83 19.90 650.47
26.11 19.90 650.47
26.11 18.32 650.47
26.40 20.33 650.47
27.00 20.33 650.47
26.70 20.33 650.47
27.00 19.08 650.47
27.30 19.48 650.47
27.30 20.79 661.21
27.30 20.33 650.47
26.70 19.90 661.21
26.11 19.08 650.47
26.40 19.90 650.47
26.70 18.32 650.47
26.11 19.48 661.21
26.70 19.08 661.21
26.70 20.33 661.21
25.83 17.29 650.47
25.83 17.62 650.47
25.83 18.69 650.47
25.27 16.96 650.47
25.83 16.36 650.47
25.01 19.48 661.21
25.55 20.79 671.95
24.49 20.33 661.21
25.01 19.48 661.21
25.27 19.48 661.21
23.98 16.66 671.95
25.27 20.33 671.95
25.83 21.76 671.95
25.55 17.62 671.95
26.11 20.33 671.95
25.83 19.08 661.21
27.00 21.76 661.21
26.11 19.08 661.21
26.70 16.96 650.47
26.11 19.90 650.47
26.40 21.76 650.47
26.70 20.33 650.47
26.70 20.33 650.47
27.00 19.08 650.47
27.00 19.90 661.21
26.11 21.26 661.21
27.00 20.33 671.95
26.70 19.48 671.95
26.11 19.48 671.95
26.11 21.26 671.95
25.83 19.90 671.95
26.40 21.76 671.95
26.11 21.26 671.95
26.40 16.96 671.95
25.55 20.33 682.70
26.11 20.79 671.95
26.11 17.29 671.95
26.40 16.66 671.95
26.11 21.26 671.95
26.11 19.48 682.70
25.83 21.26 671.95
26.11 21.76 682.70
26.40 17.62 714.92
26.11 18.32 714.92
25.55 18.32 704.18
25.83 21.26 704.18
25.55 21.26 704.18
26.11 21.26 704.18
26.40 21.26 704.18
25.55 19.48 704.18
25.83 16.96 704.18
25.83 21.26 693.44
26.70 19.90 661.21
25.83 19.90 661.21
26.11 18.32 650.47
24.74 21.76 650.47
26.11 19.90 650.47
28.27 16.07 650.47
25.55 10.91 661.21
28.60 11.80 650.47
27.00 10.25 661.21
23.50 11.80 661.21
27.94 11.05 661.21
30.77 12.30 671.95
21.32 12.30 671.95
22.81 11.34 682.70
25.01 13.42 693.44
25.83 11.19 704.18
25.01 10.77 704.18
25.01 9.67 714.92
25.01 10.64 725.66
25.01 12.13 725.66
24.49 13.42 725.66
24.23 11.80 725.66
22.58 9.89 747.15
22.36 10.13 747.15
23.74 9.67 757.89
24.23 11.05 757.89
23.27 11.80 768.63
22.81 12.84 779.38
23.27 10.91 790.12
23.50 11.05 800.86
22.81 11.19 822.34
23.74 11.96 833.09
22.81 10.77 833.09
23.27 11.05 833.09
23.27 12.30 833.09
23.27 11.64 833.09
22.58 11.49 822.34
23.27 10.77 822.34
23.74 11.64 822.34
24.23 11.34 822.34
24.49 11.49 811.60
23.50 8.57 822.34
23.50 9.45 833.09
23.74 9.04 833.09
23.74 8.85 833.09
23.50 10.25 833.09
23.50 9.45 843.83
23.50 9.24 854.57
22.58 9.67 854.57
21.32 8.75 865.31
21.12 9.45 876.05
20.18 8.75 876.05
21.32 9.56 876.05
21.52 9.89 886.80
22.15 10.64 897.54
20.74 8.85 908.28
23.98 7.39 929.77
23.03 9.14 940.51
23.98 12.13 908.28
25.83 11.80 886.80
27.62 13.03 865.31
25.83 13.22 843.83
26.70 13.03 833.09
28.27 12.47 800.86
28.27 11.96 779.38
27.30 13.22 747.15
26.70 11.64 704.18
27.00 12.30 671.95
27.00 11.80 671.95
26.70 11.96 661.21
26.40 13.63 661.21
26.40 12.47 661.21
26.40 11.64 650.47
26.11 13.84 639.73
26.11 12.47 639.73
26.11 13.03 639.73
26.70 11.05 639.73
25.83 13.63 639.73
26.11 12.84 639.73
25.83 13.03 639.73
26.11 11.96 650.47
26.11 12.65 650.47
25.55 13.63 639.73
25.83 11.80 650.47
24.74 12.84 639.73
26.11 11.80 639.73
26.70 12.30 639.73
26.70 11.80 628.98
26.40 11.05 628.98
26.40 11.49 639.73
26.70 11.80 639.73
25.83 13.42 639.73
26.40 12.47 639.73
26.70 11.34 639.73
26.11 11.64 639.73
26.70 12.13 650.47
26.70 11.49 650.47
26.11 12.30 661.21
26.11 13.22 661.21
26.11 13.63 661.21
26.40 11.96 650.47
26.40 11.96 650.47
26.70 12.65 661.21
26.11 13.22 650.47
26.70 11.64 650.47
26.11 13.22 650.47
26.40 12.84 639.73
26.11 13.42 639.73
26.70 12.65 639.73
26.11 14.06 639.73
26.11 12.65 650.47
26.11 11.64 650.47
26.11 14.52 650.47
26.70 12.65 650.47
27.00 11.96 639.73
26.40 12.84 661.21
26.70 12.65 661.21
26.11 11.80 671.95
26.70 11.49 661.21
27.00 12.84 650.47
26.70 13.03 661.21
26.11 13.63 650.47
26.70 13.03 650.47
27.00 13.03 639.73
27.30 11.49 639.73
25.83 12.65 639.73
26.11 12.30 628.98
26.70 12.13 618.24
26.11 11.96 628.98
26.40 14.52 628.98
19.82 11.96 671.95
17.89 12.84 671.95
18.66 12.84 671.95
20.36 12.13 714.92
21.32 11.96 714.92
21.94 14.75 714.92
23.03 12.13 714.92
23.50 13.22 714.92
23.98 11.96 704.18
24.23 12.30 714.92
23.50 12.13 671.95
24.74 14.75 682.70
24.74 12.47 682.70
24.49 13.42 639.73
24.74 12.84 650.47
24.49 13.63 650.47
24.74 12.47 650.47
24.74 14.06 650.47
25.27 13.63 650.47
25.83 13.84 650.47
23.27 14.28 639.73
24.23 11.80 628.98
24.74 14.52 639.73
24.23 12.65 639.73
25.55 13.03 639.73
25.55 11.34 639.73
25.27 13.22 639.73
25.27 12.47 650.47
25.01 12.13 650.47
25.01 12.84 650.47
24.74 11.96 650.47
25.27 12.65 650.47
23.98 13.42 650.47
25.55 13.22 650.47
24.74 12.47 650.47
24.74 11.96 650.47
25.27 13.42 650.47
25.01 11.49 650.47
24.74 11.96 639.73
25.83 12.65 639.73
24.74 12.47 628.98
23.74 12.30 628.98
22.81 11.34 639.73
24.49 14.28 628.98
25.55 15.00 628.98
23.98 13.22 628.98
24.49 13.42 639.73
25.55 13.03 639.73
25.55 13.03 639.73
25.01 14.75 650.47
25.01 12.84 650.47
25.27 12.47 650.47
25.55 11.96 639.73
25.27 12.65 639.73
25.27 11.64 639.73
25.27 12.30 639.73
25.27 13.22 628.98
24.74 13.63 628.98
25.83 13.03 628.98
25.55 13.22 628.98
25.55 12.84 628.98
23.98 11.96 628.98
24.49 11.64 628.98
24.23 11.49 628.98
25.55 11.19 628.98
25.55 13.42 628.98
25.55 12.13 628.98
26.11 13.22 628.98
28.60 13.63 628.98
27.00 13.22 628.98
25.55 12.65 628.98
25.27 13.22 628.98
25.27 12.30 618.24
26.70 11.19 628.98
24.74 13.84 628.98
23.50 11.96 639.73
20.36 11.05 650.47
21.32 11.34 661.21
22.81 9.78 671.95
23.98 10.64 682.70
23.74 10.91 693.44
23.98 11.49 714.92
23.50 11.05 725.66
23.74 11.80 725.66
26.11 12.84 736.41
27.30 14.28 725.66
25.27 10.25 736.41
23.98 9.14 747.15
24.74 10.25 747.15
25.01 9.89 757.89
23.98 10.91 747.15
23.74 12.65 736.41
21.52 14.52 736.41
23.98 12.13 725.66
24.74 13.03 714.92
25.01 12.13 714.92
25.55 12.47 704.18
25.83 12.84 682.70
25.27 13.84 661.21
24.74 12.84 650.47
25.83 12.13 650.47
26.11 12.30 639.73
26.40 12.84 628.98
26.11 12.30 628.98
