0.92, 0.61, 317.46
0.94, 0.57, 306.72
1.06, 0.58, 306.72
1.13, 0.58, 306.72
1.11, 0.56, 306.72
1.22, 0.53, 295.98
1.20, 0.54, 295.98
1.15, 0.54, 295.98
1.23, 0.57, 295.98
1.27, 0.56, 295.98
1.31, 0.55, 285.23
1.31, 0.54, 285.23
1.43, 0.55, 285.23
1.40, 0.58, 285.23
1.43, 0.60, 285.23
1.59, 0.60, 285.23
1.56, 0.58, 285.23
1.56, 0.58, 285.23
1.74, 0.58, 274.49
1.79, 0.61, 274.49
1.84, 0.63, 285.23
1.88, 0.63, 285.23
1.89, 0.61, 285.23
1.95, 0.60, 285.23
1.97, 0.61, 285.23
1.92, 0.63, 285.23
1.97, 0.65, 285.23
2.16, 0.63, 285.23
2.12, 0.65, 285.23
2.14, 0.63, 285.23
2.20, 0.67, 285.23
2.18, 0.65, 285.23
2.42, 0.64, 285.23
2.30, 0.64, 295.98
2.40, 0.64, 295.98
2.40, 0.65, 295.98
2.44, 0.67, 295.98
2.72, 0.67, 295.98
2.68, 0.68, 295.98
2.64, 0.67, 285.23
2.72, 0.67, 295.98
2.94, 0.66, 285.23
2.88, 0.68, 285.23
3.02, 0.69, 285.23
2.82, 0.72, 285.23
2.95, 0.70, 274.49
3.14, 0.71, 274.49
2.96, 0.68, 274.49
3.26, 0.72, 274.49
3.25, 0.70, 285.23
3.26, 0.63, 274.49
3.11, 0.67, 285.23
3.11, 0.69, 285.23
3.43, 0.69, 285.23
3.43, 0.61, 285.23
3.28, 0.66, 285.23
3.29, 0.68, 285.23
3.62, 0.70, 285.23
3.70, 0.72, 285.23
3.72, 0.72, 285.23
3.67, 0.71, 285.23
3.70, 0.71, 285.23
3.75, 0.72, 285.23
3.87, 0.72, 285.23
3.59, 0.72, 285.23
3.67, 0.72, 295.98
3.99, 0.72, 295.98
3.87, 0.72, 295.98
4.13, 0.72, 295.98
4.18, 0.72, 295.98
4.18, 0.72, 295.98
4.14, 0.72, 295.98
4.24, 0.71, 306.72
4.13, 0.72, 306.72
4.35, 0.71, 306.72
4.33, 0.71, 306.72
4.33, 0.71, 306.72
4.09, 0.72, 306.72
4.38, 0.72, 306.72
4.37, 0.71, 295.98
4.53, 0.71, 295.98
4.18, 0.72, 295.98
4.23, 0.71, 295.98
4.31, 0.72, 295.98
4.42, 0.72, 295.98
4.51, 0.71, 295.98
4.40, 0.73, 285.23
4.51, 0.74, 285.23
4.70, 0.74, 285.23
4.78, 0.72, 295.98
4.74, 0.72, 285.23
4.63, 0.72, 285.23
4.78, 0.72, 285.23
4.51, 0.72, 285.23
4.40, 0.72, 285.23
4.53, 0.72, 285.23
4.61, 0.72, 295.98
4.46, 0.74, 295.98
4.88, 0.74, 295.98
4.48, 0.69, 295.98
4.53, 0.70, 295.98
4.86, 0.71, 295.98
4.55, 0.72, 295.98
4.57, 0.72, 295.98
4.94, 0.74, 295.98
4.97, 0.72, 285.23
4.74, 0.75, 285.23
4.90, 0.75, 285.23
5.05, 0.73, 295.98
5.05, 0.76, 295.98
4.61, 0.69, 295.98
5.01, 0.68, 295.98
4.94, 0.68, 295.98
4.63, 0.68, 306.72
4.78, 0.66, 317.46
5.14, 0.69, 328.20
4.68, 0.68, 328.20
4.84, 0.59, 338.95
5.07, 0.63, 338.95
4.94, 0.67, 349.69
4.90, 0.68, 349.69
5.29, 0.68, 349.69
5.32, 0.69, 349.69
5.07, 0.69, 349.69
5.50, 0.68, 360.43
5.11, 0.69, 349.69
5.11, 0.69, 349.69
5.43, 0.69, 338.95
5.55, 0.68, 349.69
5.67, 0.68, 338.95
5.70, 0.69, 338.95
5.53, 0.68, 338.95
5.53, 0.68, 338.95
5.41, 0.69, 328.20
5.62, 0.70, 317.46
5.65, 0.68, 317.46
5.34, 0.68, 317.46
5.38, 0.69, 317.46
5.53, 0.69, 317.46
5.80, 0.68, 317.46
5.85, 0.69, 328.20
5.65, 0.68, 317.46
5.34, 0.69, 328.20
5.85, 0.68, 328.20
5.60, 0.69, 328.20
5.43, 0.69, 328.20
5.75, 0.69, 328.20
5.93, 0.69, 328.20
5.62, 0.68, 328.20
5.70, 0.69, 328.20
5.62, 0.69, 317.46
6.04, 0.69, 317.46
5.55, 0.68, 317.46
5.75, 0.69, 306.72
5.98, 0.69, 306.72
5.57, 0.68, 306.72
5.80, 0.68, 306.72
5.98, 0.69, 306.72
5.62, 0.68, 306.72
6.06, 0.68, 306.72
5.75, 0.68, 317.46
5.90, 0.70, 317.46
5.82, 0.69, 317.46
6.09, 0.69, 317.46
6.01, 0.69, 317.46
6.12, 0.69, 317.46
6.09, 0.69, 317.46
5.80, 0.68, 328.20
5.70, 0.70, 317.46
6.04, 0.69, 328.20
6.12, 0.69, 328.20
6.06, 0.69, 317.46
6.06, 0.69, 317.46
6.12, 0.68, 317.46
6.20, 0.68, 328.20
6.34, 0.69, 328.20
6.20, 0.69, 328.20
6.01, 0.69, 328.20
6.20, 0.69, 328.20
6.43, 0.68, 328.20
6.26, 0.69, 328.20
6.43, 0.68, 328.20
6.20, 0.69, 328.20
6.46, 0.68, 328.20
6.49, 0.69, 328.20
6.40, 0.69, 328.20
6.01, 0.69, 328.20
6.55, 0.69, 328.20
5.96, 0.68, 338.95
6.55, 0.68, 338.95
6.15, 0.68, 338.95
6.52, 0.68, 338.95
6.55, 0.68, 338.95
6.06, 0.68, 338.95
6.64, 0.67, 338.95
6.55, 0.69, 338.95
6.58, 0.68, 338.95
6.70, 0.68, 328.20
6.67, 0.68, 328.20
6.40, 0.69, 317.46
6.58, 0.69, 317.46
6.29, 0.69, 317.46
6.43, 0.68, 317.46
6.83, 0.68, 328.20
6.37, 0.69, 317.46
6.34, 0.69, 317.46
6.86, 0.69, 328.20
6.86, 0.69, 328.20
6.90, 0.69, 328.20
7.06, 0.68, 328.20
6.99, 0.69, 328.20
6.77, 0.68, 328.20
6.43, 0.69, 328.20
6.52, 0.69, 317.46
6.43, 0.69, 317.46
6.93, 0.70, 317.46
6.86, 0.69, 306.72
6.99, 0.69, 306.72
7.03, 0.68, 306.72
6.49, 0.69, 317.46
7.16, 0.69, 317.46
7.09, 0.69, 306.72
7.20, 0.69, 317.46
6.99, 0.70, 317.46
6.61, 0.70, 317.46
6.99, 0.70, 317.46
7.13, 0.70, 317.46
7.30, 0.70, 317.46
7.37, 0.70, 317.46
7.37, 0.70, 317.46
6.70, 0.69, 317.46
6.67, 0.70, 317.46
7.20, 0.70, 317.46
7.09, 0.69, 317.46
7.20, 0.70, 306.72
7.34, 0.69, 306.72
7.20, 0.68, 306.72
7.34, 0.70, 317.46
7.09, 0.70, 317.46
6.86, 0.70, 317.46
7.09, 0.70, 317.46
6.80, 0.69, 328.20
7.20, 0.70, 328.20
6.64, 0.70, 328.20
6.74, 0.70, 328.20
6.80, 0.69, 328.20
6.96, 0.69, 328.20
7.16, 0.69, 338.95
7.55, 0.70, 328.20
7.41, 0.70, 328.20
7.34, 0.69, 328.20
7.13, 0.69, 317.46
7.63, 0.70, 328.20
7.71, 0.70, 317.46
7.34, 0.70, 317.46
7.74, 0.70, 317.46
7.41, 0.71, 317.46
7.48, 0.70, 317.46
7.30, 0.70, 317.46
7.94, 0.70, 317.46
7.74, 0.70, 317.46
7.98, 0.70, 317.46
7.90, 0.70, 317.46
7.52, 0.70, 317.46
7.27, 0.70, 317.46
7.82, 0.70, 317.46
7.34, 0.70, 317.46
7.71, 0.70, 317.46
7.34, 0.70, 317.46
7.74, 0.70, 317.46
7.98, 0.71, 317.46
7.63, 0.71, 317.46
8.06, 0.70, 317.46
7.98, 0.71, 317.46
7.98, 0.71, 317.46
8.02, 0.71, 306.72
8.02, 0.70, 317.46
7.27, 0.70, 306.72
7.30, 0.71, 306.72
8.10, 0.71, 306.72
7.34, 0.70, 306.72
8.06, 0.70, 306.72
7.86, 0.71, 317.46
7.41, 0.71, 317.46
7.34, 0.70, 317.46
8.14, 0.70, 328.20
8.14, 0.70, 328.20
8.14, 0.70, 328.20
7.63, 0.70, 328.20
7.90, 0.70, 328.20
7.86, 0.70, 328.20
7.63, 0.71, 328.20
8.23, 0.71, 328.20
8.14, 0.70, 328.20
8.14, 0.70, 328.20
8.27, 0.71, 317.46
8.27, 0.71, 317.46
8.31, 0.70, 317.46
8.40, 0.71, 317.46
8.31, 0.71, 317.46
7.78, 0.71, 317.46
8.40, 0.71, 317.46
8.40, 0.70, 317.46
8.57, 0.70, 317.46
7.86, 0.70, 317.46
7.94, 0.71, 317.46
8.02, 0.70, 317.46
8.48, 0.71, 317.46
8.62, 0.70, 317.46
8.40, 0.71, 317.46
8.35, 0.70, 317.46
8.06, 0.71, 317.46
7.48, 0.70, 317.46
8.31, 0.71, 317.46
8.10, 0.71, 317.46
8.31, 0.70, 317.46
7.78, 0.70, 328.20
7.63, 0.71, 328.20
7.90, 0.71, 328.20
8.48, 0.70, 317.46
8.14, 0.70, 317.46
8.48, 0.70, 317.46
8.62, 0.71, 317.46
8.40, 0.71, 317.46
8.48, 0.70, 317.46
8.48, 0.70, 317.46
8.40, 0.70, 317.46
7.86, 0.71, 317.46
8.35, 0.71, 317.46
7.82, 0.71, 317.46
8.75, 0.71, 317.46
8.35, 0.71, 328.20
7.86, 0.70, 328.20
8.48, 0.70, 328.20
8.40, 0.70, 317.46
8.18, 0.71, 317.46
8.53, 0.71, 317.46
8.35, 0.71, 317.46
8.48, 0.70, 317.46
7.90, 0.70, 328.20
8.06, 0.71, 328.20
8.40, 0.71, 317.46
8.02, 0.71, 317.46
8.10, 0.71, 328.20
8.48, 0.71, 328.20
8.53, 0.70, 317.46
8.18, 0.71, 328.20
8.48, 0.70, 328.20
8.66, 0.71, 328.20
7.82, 0.71, 328.20
8.35, 0.71, 317.46
7.94, 0.70, 328.20
8.23, 0.71, 317.46
8.62, 0.71, 317.46
8.48, 0.70, 317.46
7.94, 0.70, 317.46
8.66, 0.70, 317.46
7.98, 0.71, 317.46
8.31, 0.71, 317.46
8.66, 0.71, 317.46
8.48, 0.70, 317.46
8.23, 0.70, 317.46
8.35, 0.71, 317.46
8.75, 0.70, 317.46
8.02, 0.71, 317.46
8.35, 0.71, 317.46
8.85, 0.71, 317.46
8.48, 0.71, 317.46
8.57, 0.70, 317.46
8.10, 0.71, 317.46
8.94, 0.71, 317.46
8.57, 0.71, 317.46
8.85, 0.70, 317.46
8.48, 0.70, 317.46
7.94, 0.71, 317.46
8.31, 0.70, 328.20
8.14, 0.70, 328.20
8.75, 0.71, 328.20
8.48, 0.70, 328.20
8.40, 0.71, 328.20
8.27, 0.71, 328.20
8.35, 0.70, 338.95
8.57, 0.70, 328.20
8.75, 0.71, 328.20
8.10, 0.71, 338.95
8.89, 0.70, 338.95
8.99, 0.70, 338.95
8.75, 0.70, 338.95
8.75, 0.70, 349.69
8.44, 0.70, 338.95
8.85, 0.71, 338.95
8.18, 0.71, 328.20
8.31, 0.71, 338.95
8.35, 0.70, 338.95
8.44, 0.70, 328.20
8.66, 0.70, 328.20
8.66, 0.71, 328.20
9.13, 0.72, 328.20
9.13, 0.70, 328.20
8.75, 0.70, 328.20
9.04, 0.70, 328.20
8.31, 0.70, 328.20
8.89, 0.70, 317.46
8.53, 0.71, 317.46
8.53, 0.70, 317.46
9.08, 0.71, 317.46
9.13, 0.71, 317.46
8.31, 0.71, 317.46
9.08, 0.71, 306.72
8.89, 0.71, 306.72
8.89, 0.71, 306.72
8.71, 0.72, 306.72
9.04, 0.70, 306.72
8.80, 0.71, 306.72
9.04, 0.70, 306.72
9.08, 0.71, 306.72
9.13, 0.71, 306.72
8.80, 0.71, 317.46
9.04, 0.71, 317.46
9.04, 0.71, 328.20
9.13, 0.71, 328.20
8.44, 0.71, 338.95
9.13, 0.70, 338.95
8.94, 0.71, 338.95
9.23, 0.71, 338.95
8.80, 0.71, 328.20
8.35, 0.72, 328.20
8.53, 0.71, 328.20
8.71, 0.72, 328.20
8.57, 0.71, 328.20
8.44, 0.71, 328.20
9.33, 0.71, 317.46
9.04, 0.72, 317.46
8.71, 0.72, 317.46
9.28, 0.71, 317.46
8.66, 0.72, 328.20
9.54, 0.71, 317.46
8.62, 0.72, 317.46
8.71, 0.72, 317.46
9.49, 0.71, 317.46
9.23, 0.71, 317.46
9.13, 0.72, 317.46
9.33, 0.72, 317.46
9.18, 0.71, 317.46
8.35, 0.72, 317.46
8.75, 0.71, 317.46
9.04, 0.72, 317.46
9.13, 0.71, 317.46
8.40, 0.72, 317.46
8.85, 0.72, 328.20
8.89, 0.72, 317.46
9.23, 0.72, 317.46
9.44, 0.72, 317.46
8.40, 0.72, 317.46
9.08, 0.71, 306.72
9.13, 0.71, 317.46
9.23, 0.71, 317.46
8.44, 0.71, 317.46
9.28, 0.72, 306.72
9.33, 0.72, 317.46
8.75, 0.72, 317.46
9.44, 0.71, 317.46
9.13, 0.71, 317.46
9.33, 0.72, 317.46
9.08, 0.72, 317.46
9.08, 0.71, 317.46
9.92, 0.71, 317.46
9.75, 0.71, 317.46
9.54, 0.71, 317.46
8.94, 0.72, 317.46
9.81, 0.71, 317.46
9.49, 0.72, 317.46
9.23, 0.72, 317.46
9.75, 0.72, 317.46
9.33, 0.71, 317.46
9.65, 0.71, 317.46
9.38, 0.72, 328.20
8.94, 0.72, 328.20
8.94, 0.72, 328.20
9.08, 0.71, 328.20
8.89, 0.72, 317.46
9.49, 0.72, 317.46
9.59, 0.72, 317.46
9.44, 0.72, 317.46
9.75, 0.71, 317.46
10.09, 0.71, 317.46
9.81, 0.72, 317.46
9.97, 0.71, 306.72
9.28, 0.72, 306.72
9.23, 0.71, 306.72
10.15, 0.72, 317.46
9.75, 0.71, 317.46
9.49, 0.72, 317.46
9.28, 0.71, 317.46
9.65, 0.72, 317.46
9.08, 0.72, 317.46
9.86, 0.72, 317.46
9.86, 0.72, 317.46
9.97, 0.71, 317.46
9.54, 0.72, 328.20
9.49, 0.72, 328.20
9.70, 0.72, 317.46
9.86, 0.71, 328.20
9.92, 0.71, 328.20
10.03, 0.72, 328.20
9.97, 0.71, 328.20
8.94, 0.72, 338.95
9.49, 0.71, 338.95
9.65, 0.72, 338.95
9.97, 0.72, 328.20
9.08, 0.72, 328.20
9.59, 0.72, 328.20
10.03, 0.72, 317.46
9.38, 0.72, 317.46
9.13, 0.72, 317.46
9.86, 0.72, 317.46
9.08, 0.72, 306.72
8.94, 0.71, 306.72
9.97, 0.72, 306.72
8.89, 0.72, 317.46
9.59, 0.71, 306.72
9.70, 0.71, 317.46
9.70, 0.72, 328.20
9.92, 0.72, 328.20
9.81, 0.72, 328.20
9.18, 0.72, 328.20
9.38, 0.72, 328.20
9.65, 0.72, 328.20
9.81, 0.72, 328.20
9.08, 0.72, 328.20
10.03, 0.72, 328.20
9.97, 0.72, 317.46
10.32, 0.72, 328.20
10.03, 0.72, 328.20
9.38, 0.72, 328.20
10.20, 0.72, 317.46
10.32, 0.72, 328.20
10.38, 0.72, 328.20
10.32, 0.72, 328.20
9.97, 0.72, 338.95
10.03, 0.71, 338.95
10.32, 0.72, 338.95
9.86, 0.72, 338.95
10.15, 0.72, 328.20
9.28, 0.72, 338.95
9.59, 0.72, 338.95
9.86, 0.72, 328.20
10.20, 0.72, 328.20
10.15, 0.72, 328.20
9.65, 0.72, 328.20
9.18, 0.71, 317.46
9.23, 0.72, 306.72
9.86, 0.72, 306.72
10.32, 0.72, 306.72
10.26, 0.72, 306.72
10.32, 0.72, 306.72
9.75, 0.72, 306.72
9.18, 0.72, 306.72
10.20, 0.72, 295.98
9.38, 0.72, 295.98
10.03, 0.72, 306.72
9.92, 0.72, 306.72
9.38, 0.72, 306.72
10.32, 0.71, 306.72
10.32, 0.72, 306.72
9.97, 0.72, 317.46
9.49, 0.72, 317.46
10.26, 0.72, 317.46
10.44, 0.71, 317.46
9.97, 0.73, 328.20
9.70, 0.72, 328.20
10.09, 0.72, 317.46
10.03, 0.72, 328.20
10.09, 0.72, 328.20
10.32, 0.72, 328.20
9.49, 0.72, 317.46
9.44, 0.71, 317.46
10.44, 0.71, 317.46
9.70, 0.72, 317.46
10.44, 0.72, 317.46
10.09, 0.72, 317.46
10.56, 0.72, 317.46
9.59, 0.72, 306.72
9.92, 0.72, 306.72
9.70, 0.72, 317.46
9.44, 0.72, 317.46
10.09, 0.71, 317.46
10.56, 0.72, 317.46
10.03, 0.72, 317.46
9.59, 0.72, 317.46
10.56, 0.72, 328.20
10.44, 0.72, 317.46
10.56, 0.72, 317.46
10.56, 0.72, 328.20
9.54, 0.72, 328.20
10.75, 0.72, 328.20
9.49, 0.72, 328.20
9.59, 0.72, 328.20
9.70, 0.72, 328.20
9.49, 0.72, 328.20
9.86, 0.72, 328.20
10.75, 0.72, 328.20
9.70, 0.73, 328.20
10.75, 0.72, 317.46
9.28, 0.72, 317.46
9.75, 0.72, 317.46
10.03, 0.72, 317.46
9.97, 0.72, 306.72
9.97, 0.72, 306.72
10.32, 0.72, 317.46
9.75, 0.72, 317.46
9.81, 0.73, 317.46
10.75, 0.72, 317.46
9.75, 0.72, 317.46
10.63, 0.72, 317.46
9.92, 0.72, 317.46
10.75, 0.73, 317.46
10.69, 0.72, 317.46
10.38, 0.72, 328.20
9.81, 0.72, 317.46
10.56, 0.72, 328.20
9.59, 0.72, 328.20
10.03, 0.72, 328.20
10.56, 0.72, 328.20
10.32, 0.72, 338.95
9.81, 0.72, 338.95
10.26, 0.73, 338.95
10.44, 0.71, 338.95
9.70, 0.72, 338.95
10.03, 0.71, 328.20
10.26, 0.72, 328.20
10.56, 0.72, 328.20
9.49, 0.72, 317.46
10.56, 0.71, 317.46
9.97, 0.71, 306.72
10.15, 0.72, 306.72
10.26, 0.72, 306.72
10.75, 0.72, 306.72
9.97, 0.72, 306.72
10.50, 0.72, 306.72
10.50, 0.72, 306.72
10.81, 0.72, 306.72
10.94, 0.72, 306.72
10.15, 0.72, 306.72
10.50, 0.71, 306.72
10.94, 0.72, 306.72
10.38, 0.72, 306.72
10.03, 0.72, 306.72
10.44, 0.71, 306.72
10.44, 0.72, 306.72
10.94, 0.72, 317.46
10.26, 0.73, 317.46
10.03, 0.72, 317.46
10.94, 0.72, 306.72
9.81, 0.72, 306.72
10.69, 0.72, 317.46
9.86, 0.72, 317.46
9.92, 0.72, 317.46
10.50, 0.72, 317.46
10.56, 0.73, 317.46
10.56, 0.72, 317.46
9.59, 0.73, 317.46
9.49, 0.72, 328.20
10.56, 0.72, 328.20
10.69, 0.73, 328.20
9.92, 0.72, 328.20
9.75, 0.72, 328.20
10.94, 0.72, 328.20
9.70, 0.72, 328.20
9.70, 0.72, 328.20
10.03, 0.73, 328.20
10.94, 0.72, 328.20
10.69, 0.72, 328.20
10.63, 0.73, 328.20
10.81, 0.72, 328.20
11.01, 0.72, 328.20
10.81, 0.72, 328.20
10.15, 0.72, 328.20
10.81, 0.73, 328.20
10.75, 0.72, 328.20
9.86, 0.72, 328.20
10.26, 0.72, 328.20
10.44, 0.72, 328.20
10.09, 0.72, 328.20
9.54, 0.72, 317.46
10.81, 0.72, 317.46
10.56, 0.73, 317.46
10.56, 0.73, 317.46
10.81, 0.73, 317.46
10.15, 0.73, 317.46
10.44, 0.72, 317.46
10.81, 0.72, 317.46
11.07, 0.72, 317.46
11.21, 0.72, 317.46
9.75, 0.73, 317.46
11.14, 0.72, 317.46
10.56, 0.72, 317.46
11.21, 0.73, 328.20
11.07, 0.72, 317.46
11.01, 0.72, 317.46
9.97, 0.72, 317.46
11.14, 0.72, 306.72
10.50, 0.72, 317.46
10.15, 0.73, 306.72
11.21, 0.72, 317.46
11.07, 0.72, 306.72
10.69, 0.72, 306.72
10.63, 0.72, 306.72
10.56, 0.72, 306.72
11.07, 0.72, 306.72
10.50, 0.72, 317.46
11.01, 0.72, 317.46
10.56, 0.73, 317.46
10.20, 0.72, 306.72
10.15, 0.72, 317.46
11.07, 0.72, 317.46
11.07, 0.72, 317.46
10.15, 0.72, 317.46
9.92, 0.73, 317.46
9.92, 0.72, 317.46
10.56, 0.72, 317.46
10.38, 0.73, 317.46
10.75, 0.73, 328.20
11.07, 0.73, 328.20
11.07, 0.72, 328.20
11.01, 0.72, 328.20
9.97, 0.72, 328.20
10.38, 0.72, 328.20
9.70, 0.71, 328.20
10.26, 0.72, 328.20
11.07, 0.72, 328.20
9.81, 0.72, 328.20
9.70, 0.72, 317.46
10.26, 0.73, 317.46
10.88, 0.72, 317.46
10.81, 0.72, 317.46
10.20, 0.72, 317.46
9.92, 0.72, 317.46
10.56, 0.72, 317.46
10.26, 0.73, 317.46
10.56, 0.73, 306.72
11.07, 0.73, 317.46
10.75, 0.73, 317.46
11.01, 0.72, 317.46
10.50, 0.72, 306.72
9.75, 0.73, 306.72
10.81, 0.72, 306.72
10.09, 0.72, 306.72
9.97, 0.72, 306.72
10.15, 0.72, 306.72
10.38, 0.72, 306.72
11.07, 0.73, 306.72
11.21, 0.72, 306.72
10.50, 0.72, 306.72
10.50, 0.73, 306.72
11.21, 0.73, 306.72
9.97, 0.73, 317.46
10.26, 0.72, 317.46
10.56, 0.72, 317.46
11.07, 0.73, 317.46
10.15, 0.73, 317.46
10.38, 0.72, 317.46
11.21, 0.72, 317.46
9.92, 0.72, 328.20
9.97, 0.72, 328.20
10.15, 0.73, 328.20
11.07, 0.73, 317.46
11.07, 0.73, 317.46
10.15, 0.73, 317.46
10.44, 0.73, 328.20
11.07, 0.72, 317.46
11.21, 0.72, 317.46
11.35, 0.73, 317.46
11.21, 0.73, 306.72
10.09, 0.73, 306.72
11.21, 0.73, 317.46
11.35, 0.73, 317.46
10.63, 0.73, 328.20
10.63, 0.74, 328.20
11.35, 0.73, 328.20
10.94, 0.72, 328.20
11.01, 0.72, 328.20
10.09, 0.73, 328.20
10.15, 0.73, 328.20
10.38, 0.73, 328.20
10.15, 0.73, 328.20
10.15, 0.72, 328.20
11.01, 0.73, 317.46
10.26, 0.74, 317.46
9.65, 0.75, 328.20
10.50, 0.74, 328.20
10.81, 0.75, 328.20
10.63, 0.74, 328.20
10.38, 0.74, 338.95
10.50, 0.75, 338.95
10.69, 0.74, 338.95
10.09, 0.74, 349.69
9.81, 0.74, 349.69
9.92, 0.74, 349.69
9.92, 0.73, 338.95
10.15, 0.74, 338.95
9.70, 0.75, 349.69
9.70, 0.74, 338.95
10.75, 0.74, 338.95
9.92, 0.73, 338.95
10.69, 0.74, 338.95
10.81, 0.74, 338.95
10.44, 0.74, 338.95
9.92, 0.73, 338.95
10.26, 0.74, 349.69
9.75, 0.74, 349.69
9.92, 0.73, 338.95
10.81, 0.74, 338.95
10.56, 0.74, 338.95
10.81, 0.74, 338.95
10.20, 0.74, 338.95
10.38, 0.74, 338.95
11.01, 0.74, 338.95
9.97, 0.73, 338.95
10.15, 0.74, 338.95
10.32, 0.74, 338.95
10.09, 0.75, 338.95
10.20, 0.73, 338.95
10.26, 0.75, 338.95
10.38, 0.74, 349.69
10.81, 0.74, 349.69
10.03, 0.74, 349.69
9.75, 0.74, 349.69
9.97, 0.74, 349.69
11.07, 0.73, 349.69
11.01, 0.73, 349.69
10.38, 0.74, 349.69
9.70, 0.74, 349.69
10.44, 0.73, 349.69
9.70, 0.74, 338.95
10.26, 0.74, 338.95
10.26, 0.74, 338.95
10.81, 0.73, 328.20
11.14, 0.74, 338.95
10.81, 0.74, 338.95
10.56, 0.74, 338.95
10.03, 0.74, 338.95
9.92, 0.74, 328.20
10.44, 0.74, 338.95
11.07, 0.74, 338.95
10.94, 0.74, 338.95
10.63, 0.74, 349.69
10.20, 0.74, 349.69
11.21, 0.73, 338.95
10.15, 0.74, 338.95
11.21, 0.74, 338.95
10.32, 0.74, 338.95
10.88, 0.74, 338.95
11.35, 0.74, 338.95
9.92, 0.72, 328.20
9.97, 0.73, 328.20
11.41, 0.73, 328.20
10.94, 0.74, 328.20
10.03, 0.74, 328.20
11.21, 0.74, 328.20
11.21, 0.73, 328.20
9.97, 0.74, 338.95
11.07, 0.74, 338.95
10.81, 0.74, 338.95
11.48, 0.74, 338.95
10.81, 0.74, 338.95
11.21, 0.74, 338.95
10.81, 0.74, 349.69
11.07, 0.74, 349.69
11.01, 0.74, 349.69
11.01, 0.74, 349.69
11.28, 0.74, 349.69
10.03, 0.74, 349.69
11.14, 0.75, 349.69
10.15, 0.74, 360.43
11.21, 0.74, 360.43
10.38, 0.74, 360.43
10.15, 0.74, 349.69
11.35, 0.74, 349.69
10.63, 0.74, 360.43
11.35, 0.74, 349.69
10.20, 0.73, 349.69
10.38, 0.74, 360.43
11.56, 0.74, 349.69
10.75, 0.75, 349.69
11.48, 0.74, 349.69
10.50, 0.74, 349.69
11.35, 0.74, 349.69
11.21, 0.74, 349.69
11.41, 0.74, 349.69
10.44, 0.73, 349.69
9.92, 0.75, 338.95
11.07, 0.74, 338.95
10.38, 0.74, 338.95
11.21, 0.74, 338.95
11.41, 0.75, 338.95
11.01, 0.74, 328.20
11.07, 0.74, 338.95
11.35, 0.74, 338.95
10.94, 0.74, 338.95
10.69, 0.74, 338.95
11.21, 0.74, 338.95
11.21, 0.74, 338.95
10.56, 0.74, 349.69
10.15, 0.74, 338.95
10.63, 0.74, 349.69
10.88, 0.74, 349.69
10.44, 0.74, 338.95
11.01, 0.74, 338.95
10.38, 0.74, 338.95
11.01, 0.74, 338.95
10.81, 0.74, 349.69
9.81, 0.73, 338.95
10.75, 0.75, 338.95
9.86, 0.74, 338.95
9.97, 0.74, 338.95
10.69, 0.75, 349.69
11.28, 0.74, 338.95
10.75, 0.73, 338.95
10.94, 0.74, 338.95
10.63, 0.74, 338.95
10.63, 0.74, 338.95
11.21, 0.74, 338.95
11.14, 0.74, 338.95
9.92, 0.74, 338.95
11.07, 0.74, 338.95
10.81, 0.74, 338.95
11.01, 0.74, 328.20
9.97, 0.73, 328.20
11.21, 0.74, 328.20
11.14, 0.74, 328.20
11.21, 0.74, 328.20
11.21, 0.75, 328.20
11.41, 0.74, 328.20
10.81, 0.74, 338.95
10.32, 0.74, 338.95
11.21, 0.73, 338.95
11.56, 0.74, 338.95
11.41, 0.74, 349.69
10.44, 0.75, 349.69
10.09, 0.74, 349.69
10.69, 0.74, 349.69
11.14, 0.74, 349.69
10.94, 0.74, 349.69
10.88, 0.74, 349.69
11.01, 0.74, 349.69
11.21, 0.74, 349.69
10.38, 0.74, 349.69
11.35, 0.73, 349.69
9.75, 0.73, 349.69
10.88, 0.74, 338.95
11.01, 0.74, 349.69
10.44, 0.73, 349.69
11.01, 0.73, 349.69
9.92, 0.74, 349.69
10.03, 0.74, 338.95
11.21, 0.74, 349.69
9.97, 0.74, 349.69
10.81, 0.74, 349.69
10.75, 0.74, 338.95
10.50, 0.74, 338.95
10.75, 0.73, 338.95
9.97, 0.74, 338.95
10.75, 0.74, 328.20
10.56, 0.74, 338.95
10.44, 0.74, 338.95
11.21, 0.74, 338.95
10.44, 0.74, 338.95
11.21, 0.74, 338.95
10.56, 0.74, 338.95
11.56, 0.74, 338.95
10.94, 0.74, 338.95
10.32, 0.74, 349.69
10.56, 0.75, 349.69
10.26, 0.74, 349.69
11.14, 0.73, 349.69
10.44, 0.74, 349.69
11.01, 0.75, 338.95
11.35, 0.74, 338.95
10.69, 0.73, 349.69
11.14, 0.74, 349.69
10.38, 0.74, 349.69
10.69, 0.73, 338.95
11.35, 0.74, 338.95
10.94, 0.74, 338.95
11.21, 0.74, 338.95
11.41, 0.74, 338.95
10.50, 0.74, 349.69
10.88, 0.74, 338.95
10.20, 0.74, 338.95
10.88, 0.74, 338.95
11.63, 0.74, 338.95
10.20, 0.74, 338.95
10.15, 0.73, 349.69
11.07, 0.74, 349.69
11.01, 0.75, 349.69
11.48, 0.74, 349.69
11.56, 0.74, 338.95
11.14, 0.74, 338.95
10.38, 0.74, 338.95
11.63, 0.74, 349.69
11.48, 0.74, 349.69
10.38, 0.74, 349.69
11.01, 0.75, 349.69
10.32, 0.75, 338.95
11.63, 0.74, 338.95
10.38, 0.74, 349.69
11.56, 0.74, 349.69
10.56, 0.73, 338.95
11.56, 0.74, 338.95
11.63, 0.74, 338.95
11.35, 0.74, 338.95
11.63, 0.73, 338.95
11.21, 0.74, 338.95
10.44, 0.74, 338.95
11.63, 0.74, 349.69
10.44, 0.74, 338.95
11.28, 0.73, 338.95
11.48, 0.73, 338.95
11.84, 0.74, 349.69
10.44, 0.74, 349.69
11.01, 0.74, 338.95
11.35, 0.75, 338.95
10.26, 0.74, 349.69
11.21, 0.74, 338.95
10.63, 0.74, 338.95
11.21, 0.74, 349.69
10.63, 0.74, 338.95
11.21, 0.74, 349.69
11.63, 0.74, 338.95
11.41, 0.74, 349.69
11.63, 0.73, 349.69
11.21, 0.74, 360.43
10.44, 0.74, 349.69
11.21, 0.74, 349.69
10.44, 0.74, 349.69
10.44, 0.73, 349.69
11.92, 0.74, 349.69
11.28, 0.75, 349.69
10.75, 0.74, 349.69
11.48, 0.74, 349.69
10.63, 0.74, 349.69
10.88, 0.74, 338.95
11.07, 0.74, 349.69
11.56, 0.73, 349.69
11.56, 0.74, 349.69
10.38, 0.74, 360.43
10.69, 0.74, 360.43
11.07, 0.74, 360.43
10.50, 0.74, 360.43
11.92, 0.74, 360.43
10.50, 0.74, 360.43
10.63, 0.74, 360.43
11.41, 0.74, 349.69
11.63, 0.74, 349.69
11.70, 0.74, 349.69
11.70, 0.74, 349.69
10.88, 0.74, 349.69
11.63, 0.75, 349.69
11.41, 0.74, 349.69
10.69, 0.74, 349.69
10.75, 0.74, 349.69
11.41, 0.73, 349.69
10.69, 0.75, 349.69
11.28, 0.74, 349.69
11.63, 0.74, 349.69
10.38, 0.74, 360.43
10.56, 0.74, 349.69
11.92, 0.74, 360.43
11.28, 0.74, 360.43
11.41, 0.73, 349.69
10.38, 0.74, 349.69
11.48, 0.74, 360.43
11.21, 0.73, 360.43
10.26, 0.74, 360.43
10.56, 0.74, 360.43
11.77, 0.74, 349.69
11.63, 0.74, 349.69
11.48, 0.73, 349.69
10.56, 0.73, 349.69
10.38, 0.73, 349.69
10.50, 0.74, 349.69
11.01, 0.74, 338.95
11.14, 0.74, 338.95
11.70, 0.73, 349.69
10.44, 0.74, 338.95
11.63, 0.74, 349.69
11.07, 0.74, 349.69
10.63, 0.73, 349.69
10.88, 0.74, 349.69
11.63, 0.74, 349.69
10.38, 0.73, 349.69
10.69, 0.73, 349.69
11.56, 0.74, 349.69
10.38, 0.73, 349.69
11.84, 0.74, 349.69
10.38, 0.73, 349.69
10.44, 0.73, 338.95
11.48, 0.74, 338.95
11.07, 0.73, 338.95
11.41, 0.73, 338.95
11.14, 0.74, 338.95
11.77, 0.73, 338.95
11.63, 0.73, 338.95
10.81, 0.73, 338.95
11.77, 0.74, 338.95
10.44, 0.73, 338.95
11.21, 0.73, 338.95
11.63, 0.73, 338.95
10.38, 0.74, 338.95
10.94, 0.74, 338.95
10.75, 0.74, 338.95
10.38, 0.73, 338.95
11.77, 0.74, 338.95
10.88, 0.74, 338.95
10.38, 0.74, 338.95
10.63, 0.73, 338.95
11.63, 0.75, 338.95
11.35, 0.74, 338.95
10.44, 0.74, 338.95
11.84, 0.74, 338.95
10.44, 0.74, 328.20
11.07, 0.74, 328.20
11.92, 0.74, 328.20
11.84, 0.74, 338.95
11.84, 0.74, 338.95
10.88, 0.74, 328.20
10.50, 0.74, 328.20
10.20, 0.74, 328.20
11.35, 0.74, 328.20
11.35, 0.74, 338.95
11.70, 0.75, 328.20
11.92, 0.75, 328.20
12.07, 0.74, 338.95
11.56, 0.74, 328.20
10.56, 0.74, 328.20
10.81, 0.74, 338.95
11.21, 0.74, 338.95
11.92, 0.74, 349.69
11.84, 0.74, 349.69
10.88, 0.74, 349.69
11.56, 0.74, 360.43
11.07, 0.73, 360.43
10.56, 0.73, 360.43
10.38, 0.74, 360.43
11.92, 0.74, 371.17
11.35, 0.74, 360.43
11.77, 0.75, 360.43
11.35, 0.74, 349.69
11.92, 0.74, 338.95
11.63, 0.74, 338.95
11.77, 0.74, 338.95
11.77, 0.74, 328.20
10.38, 0.73, 328.20
11.48, 0.74, 328.20
11.63, 0.74, 328.20
10.94, 0.74, 328.20
11.28, 0.74, 338.95
11.63, 0.75, 328.20
11.92, 0.75, 338.95
11.84, 0.75, 338.95
11.92, 0.74, 338.95
11.48, 0.74, 349.69
11.07, 0.74, 349.69
11.01, 0.74, 349.69
11.35, 0.73, 349.69
11.84, 0.75, 349.69
11.92, 0.74, 349.69
11.28, 0.74, 360.43
10.63, 0.74, 349.69
12.07, 0.74, 349.69
10.63, 0.74, 349.69
11.56, 0.74, 349.69
11.35, 0.74, 349.69
10.69, 0.74, 349.69
10.69, 0.74, 338.95
10.94, 0.73, 349.69
11.77, 0.74, 349.69
11.14, 0.74, 349.69
11.84, 0.74, 338.95
10.94, 0.73, 338.95
12.07, 0.74, 349.69
11.84, 0.74, 349.69
11.84, 0.74, 349.69
11.92, 0.74, 349.69
11.92, 0.75, 349.69
11.14, 0.74, 338.95
11.28, 0.75, 338.95
11.92, 0.75, 338.95
11.01, 0.74, 349.69
10.94, 0.74, 349.69
11.41, 0.74, 349.69
10.50, 0.73, 349.69
11.28, 0.74, 349.69
11.35, 0.74, 349.69
10.75, 0.74, 349.69
11.99, 0.74, 349.69
12.22, 0.75, 349.69
11.56, 0.74, 360.43
11.01, 0.74, 349.69
11.56, 0.74, 349.69
11.63, 0.74, 338.95
11.41, 0.74, 349.69
10.63, 0.74, 349.69
12.07, 0.74, 349.69
11.35, 0.74, 349.69
10.44, 0.74, 349.69
11.63, 0.74, 338.95
11.92, 0.75, 328.20
11.77, 0.74, 328.20
10.63, 0.74, 338.95
10.81, 0.74, 338.95
10.63, 0.74, 338.95
11.92, 0.75, 338.95
11.70, 0.74, 338.95
11.92, 0.75, 338.95
11.92, 0.74, 338.95
10.44, 0.74, 338.95
11.35, 0.75, 349.69
11.92, 0.74, 349.69
11.92, 0.74, 338.95
12.22, 0.74, 338.95
11.84, 0.74, 338.95
10.88, 0.75, 328.20
12.22, 0.74, 338.95
11.92, 0.74, 338.95
10.88, 0.74, 338.95
11.14, 0.74, 338.95
12.22, 0.74, 338.95
11.14, 0.74, 338.95
10.88, 0.74, 338.95
12.38, 0.75, 349.69
11.01, 0.74, 349.69
11.99, 0.74, 349.69
12.07, 0.74, 338.95
11.56, 0.74, 338.95
10.63, 0.73, 338.95
10.94, 0.74, 338.95
12.15, 0.74, 338.95
10.88, 0.75, 338.95
11.99, 0.74, 338.95
12.22, 0.74, 338.95
11.41, 0.75, 338.95
11.77, 0.75, 338.95
11.48, 0.74, 349.69
11.01, 0.74, 349.69
10.81, 0.74, 338.95
12.46, 0.75, 338.95
11.48, 0.75, 349.69
12.22, 0.74, 349.69
11.48, 0.75, 349.69
12.22, 0.75, 349.69
10.63, 0.74, 349.69
12.15, 0.75, 349.69
12.38, 0.75, 349.69
11.70, 0.74, 349.69
11.35, 0.74, 349.69
11.77, 0.75, 349.69
10.94, 0.74, 338.95
12.38, 0.74, 338.95
12.46, 0.75, 338.95
10.81, 0.75, 338.95
10.94, 0.74, 338.95
12.15, 0.73, 338.95
11.63, 0.74, 349.69
11.77, 0.75, 349.69
12.22, 0.75, 349.69
10.88, 0.74, 349.69
12.38, 0.75, 349.69
11.41, 0.74, 349.69
11.63, 0.75, 338.95
10.63, 0.74, 338.95
11.84, 0.75, 338.95
11.84, 0.75, 349.69
10.56, 0.74, 349.69
11.14, 0.75, 338.95
12.07, 0.74, 338.95
11.14, 0.74, 338.95
11.70, 0.73, 338.95
12.15, 0.75, 338.95
11.84, 0.74, 338.95
11.63, 0.74, 338.95
11.14, 0.74, 349.69
11.99, 0.74, 338.95
10.94, 0.74, 338.95
10.81, 0.74, 338.95
10.81, 0.74, 349.69
11.92, 0.74, 338.95
11.92, 0.74, 349.69
10.63, 0.74, 349.69
11.92, 0.74, 338.95
12.15, 0.75, 349.69
11.28, 0.73, 338.95
11.14, 0.73, 338.95
11.99, 0.74, 349.69
10.63, 0.74, 349.69
10.94, 0.73, 338.95
10.69, 0.74, 338.95
11.41, 0.75, 338.95
11.99, 0.74, 338.95
11.28, 0.73, 349.69
10.88, 0.74, 349.69
10.88, 0.74, 338.95
12.22, 0.74, 338.95
11.92, 0.74, 338.95
11.92, 0.75, 338.95
12.38, 0.74, 349.69
11.77, 0.74, 349.69
11.14, 0.74, 338.95
12.46, 0.75, 338.95
12.22, 0.75, 328.20
11.21, 0.74, 338.95
11.28, 0.74, 338.95
11.14, 0.74, 338.95
10.63, 0.74, 338.95
11.14, 0.75, 338.95
11.77, 0.75, 338.95
11.56, 0.76, 328.20
11.21, 0.74, 338.95
10.88, 0.74, 338.95
12.07, 0.74, 338.95
11.92, 0.75, 338.95
12.22, 0.74, 338.95
11.84, 0.74, 338.95
10.81, 0.74, 328.20
11.92, 0.74, 328.20
12.07, 0.74, 338.95
12.15, 0.74, 338.95
11.84, 0.75, 338.95
11.70, 0.74, 349.69
12.22, 0.75, 349.69
11.70, 0.74, 349.69
11.99, 0.74, 338.95
12.07, 0.74, 338.95
11.56, 0.74, 338.95
11.77, 0.76, 338.95
12.07, 0.75, 338.95
11.99, 0.74, 338.95
10.94, 0.74, 338.95
10.63, 0.74, 328.20
12.30, 0.74, 328.20
11.07, 0.74, 328.20
11.70, 0.73, 338.95
11.92, 0.74, 338.95
12.22, 0.74, 338.95
10.69, 0.73, 338.95
12.46, 0.74, 338.95
11.14, 0.74, 338.95
12.22, 0.74, 349.69
11.99, 0.74, 349.69
10.88, 0.74, 349.69
11.41, 0.75, 349.69
11.92, 0.74, 338.95
11.99, 0.74, 338.95
12.22, 0.76, 349.69
11.21, 0.75, 349.69
11.41, 0.73, 338.95
11.01, 0.75, 338.95
11.63, 0.74, 338.95
12.30, 0.74, 338.95
10.81, 0.74, 338.95
10.88, 0.74, 338.95
12.38, 0.75, 349.69
11.63, 0.74, 338.95
12.30, 0.75, 349.69
12.07, 0.74, 349.69
11.99, 0.74, 360.43
12.22, 0.74, 360.43
10.75, 0.74, 360.43
12.22, 0.75, 349.69
10.69, 0.74, 349.69
10.88, 0.73, 349.69
11.14, 0.74, 349.69
12.07, 0.75, 360.43
12.15, 0.75, 360.43
11.28, 0.74, 360.43
11.77, 0.76, 349.69
12.15, 0.74, 360.43
12.30, 0.75, 360.43
12.54, 0.75, 360.43
10.88, 0.74, 360.43
11.14, 0.74, 360.43
11.35, 0.75, 360.43
11.41, 0.74, 360.43
12.15, 0.75, 349.69
12.38, 0.75, 360.43
11.48, 0.74, 360.43
11.41, 0.75, 360.43
10.88, 0.74, 360.43
11.99, 0.74, 360.43
12.15, 0.74, 360.43
12.15, 0.75, 360.43
11.35, 0.75, 360.43
12.22, 0.74, 349.69
11.07, 0.75, 349.69
11.70, 0.75, 349.69
12.07, 0.75, 349.69
11.84, 0.74, 349.69
11.70, 0.75, 349.69
12.54, 0.75, 360.43
11.48, 0.73, 349.69
11.48, 0.74, 360.43
11.77, 0.74, 360.43
12.38, 0.74, 371.17
10.94, 0.74, 360.43
11.99, 0.74, 360.43
10.88, 0.74, 360.43
12.15, 0.74, 360.43
10.88, 0.74, 360.43
11.35, 0.74, 349.69
12.38, 0.74, 360.43
11.56, 0.74, 360.43
10.94, 0.74, 360.43
11.21, 0.74, 349.69
10.88, 0.74, 349.69
11.48, 0.74, 349.69
12.71, 0.74, 360.43
12.07, 0.74, 349.69
10.81, 0.73, 349.69
11.35, 0.74, 349.69
11.28, 0.75, 349.69
10.81, 0.74, 360.43
12.15, 0.74, 360.43
11.70, 0.74, 360.43
11.99, 0.74, 360.43
10.94, 0.74, 349.69
12.22, 0.74, 349.69
11.92, 0.74, 360.43
10.94, 0.74, 360.43
10.88, 0.74, 360.43
12.87, 0.74, 360.43
12.07, 0.74, 349.69
11.92, 0.74, 349.69
11.56, 0.74, 349.69
11.41, 0.73, 360.43
11.07, 0.74, 360.43
12.54, 0.74, 360.43
12.46, 0.74, 360.43
11.07, 0.74, 360.43
11.84, 0.74, 349.69
10.56, 0.75, 360.43
12.07, 0.74, 360.43
11.84, 0.75, 360.43
12.15, 0.75, 360.43
12.30, 0.75, 349.69
10.75, 0.74, 349.69
10.94, 0.75, 349.69
11.84, 0.74, 349.69
12.22, 0.75, 360.43
10.81, 0.75, 360.43
10.88, 0.74, 349.69
12.46, 0.74, 349.69
11.56, 0.74, 349.69
10.81, 0.74, 349.69
11.28, 0.74, 349.69
12.38, 0.75, 349.69
10.69, 0.75, 360.43
12.54, 0.75, 349.69
10.94, 0.75, 338.95
11.41, 0.73, 349.69
12.54, 0.74, 338.95
11.63, 0.74, 349.69
11.48, 0.74, 349.69
12.54, 0.75, 349.69
12.22, 0.75, 349.69
11.48, 0.75, 349.69
12.38, 0.74, 349.69
11.28, 0.74, 349.69
11.07, 0.75, 349.69
12.62, 0.74, 349.69
10.94, 0.75, 349.69
11.92, 0.74, 349.69
11.28, 0.74, 349.69
12.54, 0.74, 360.43
12.79, 0.74, 349.69
11.14, 0.74, 349.69
12.79, 0.75, 349.69
12.46, 0.74, 349.69
11.14, 0.74, 360.43
11.41, 0.75, 360.43
12.07, 0.74, 360.43
12.46, 0.74, 360.43
11.14, 0.74, 360.43
12.15, 0.74, 360.43
12.22, 0.75, 360.43
12.46, 0.74, 360.43
11.70, 0.74, 360.43
10.69, 0.74, 349.69
10.94, 0.74, 349.69
12.38, 0.74, 349.69
11.01, 0.74, 349.69
11.14, 0.74, 338.95
11.84, 0.74, 349.69
11.01, 0.74, 349.69
11.92, 0.75, 349.69
11.41, 0.74, 360.43
10.88, 0.73, 360.43
10.88, 0.74, 349.69
12.38, 0.75, 349.69
12.07, 0.74, 349.69
11.14, 0.74, 349.69
11.77, 0.74, 349.69
11.84, 0.75, 349.69
11.92, 0.75, 349.69
10.88, 0.74, 349.69
11.21, 0.75, 338.95
11.07, 0.74, 338.95
10.88, 0.74, 338.95
11.41, 0.74, 349.69
11.63, 0.75, 349.69
11.28, 0.74, 349.69
11.01, 0.74, 360.43
12.22, 0.75, 349.69
10.88, 0.74, 349.69
12.71, 0.74, 349.69
12.54, 0.74, 349.69
10.94, 0.74, 349.69
11.14, 0.74, 360.43
12.07, 0.74, 360.43
12.71, 0.74, 349.69
11.01, 0.74, 360.43
11.84, 0.74, 349.69
10.88, 0.74, 349.69
11.14, 0.75, 360.43
12.71, 0.75, 360.43
10.94, 0.74, 349.69
11.28, 0.75, 349.69
12.38, 0.75, 349.69
11.28, 0.74, 360.43
12.46, 0.74, 360.43
11.28, 0.75, 349.69
12.46, 0.75, 349.69
12.22, 0.75, 349.69
11.14, 0.74, 349.69
11.70, 0.74, 349.69
12.87, 0.74, 349.69
11.99, 0.74, 349.69
11.70, 0.74, 349.69
11.14, 0.74, 349.69
10.94, 0.74, 349.69
12.46, 0.74, 349.69
11.41, 0.74, 349.69
12.62, 0.74, 360.43
12.79, 0.75, 349.69
12.30, 0.74, 349.69
12.54, 0.74, 349.69
11.28, 0.75, 349.69
11.14, 0.75, 349.69
11.56, 0.74, 349.69
11.28, 0.74, 349.69
12.07, 0.74, 349.69
11.99, 0.74, 349.69
11.99, 0.74, 349.69
12.07, 0.75, 349.69
11.70, 0.74, 349.69
11.41, 0.74, 349.69
12.38, 0.75, 349.69
12.54, 0.75, 360.43
11.14, 0.74, 360.43
12.30, 0.74, 360.43
11.70, 0.74, 349.69
11.28, 0.74, 349.69
11.48, 0.75, 349.69
11.21, 0.74, 349.69
12.54, 0.74, 349.69
10.94, 0.75, 349.69
12.54, 0.75, 349.69
11.14, 0.73, 349.69
10.94, 0.74, 349.69
11.41, 0.73, 349.69
11.56, 0.73, 349.69
12.22, 0.73, 349.69
12.15, 0.73, 349.69
11.41, 0.74, 338.95
11.41, 0.74, 349.69
12.54, 0.74, 349.69
12.54, 0.74, 349.69
10.94, 0.74, 349.69
12.54, 0.73, 349.69
11.35, 0.74, 349.69
11.41, 0.74, 349.69
12.46, 0.74, 349.69
11.14, 0.74, 349.69
12.22, 0.74, 360.43
11.70, 0.75, 360.43
11.92, 0.75, 360.43
11.63, 0.74, 360.43
11.92, 0.75, 360.43
10.75, 0.74, 349.69
12.79, 0.74, 349.69
12.79, 0.74, 349.69
10.94, 0.74, 349.69
11.48, 0.74, 349.69
12.22, 0.74, 349.69
11.14, 0.74, 349.69
12.38, 0.75, 349.69
10.94, 0.75, 349.69
12.87, 0.75, 349.69
12.22, 0.74, 360.43
10.88, 0.74, 371.17
10.94, 0.75, 360.43
12.15, 0.74, 360.43
12.15, 0.74, 360.43
11.28, 0.74, 360.43
12.54, 0.75, 360.43
10.94, 0.74, 360.43
12.54, 0.75, 349.69
12.87, 0.75, 349.69
12.46, 0.74, 349.69
12.54, 0.74, 349.69
11.99, 0.74, 349.69
11.14, 0.73, 349.69
11.77, 0.74, 349.69
12.46, 0.74, 349.69
12.38, 0.75, 349.69
12.54, 0.74, 349.69
11.41, 0.74, 349.69
12.22, 0.74, 349.69
12.54, 0.74, 349.69
12.79, 0.74, 349.69
12.22, 0.74, 349.69
11.41, 0.74, 349.69
11.14, 0.75, 349.69
12.87, 0.75, 349.69
12.96, 0.74, 349.69
11.35, 0.74, 349.69
11.70, 0.74, 349.69
11.92, 0.74, 360.43
11.28, 0.74, 371.17
11.48, 0.74, 360.43
11.48, 0.75, 360.43
11.48, 0.74, 360.43
11.84, 0.74, 349.69
12.79, 0.74, 360.43
11.99, 0.75, 360.43
11.21, 0.74, 360.43
12.46, 0.74, 349.69
12.46, 0.74, 338.95
11.84, 0.74, 338.95
12.79, 0.74, 338.95
11.84, 0.74, 338.95
11.99, 0.74, 338.95
10.94, 0.74, 349.69
12.79, 0.74, 338.95
12.79, 0.75, 349.69
12.54, 0.75, 338.95
12.54, 0.74, 349.69
11.14, 0.74, 349.69
12.30, 0.74, 349.69
11.92, 0.74, 349.69
10.94, 0.74, 349.69
12.38, 0.74, 349.69
11.84, 0.74, 349.69
12.54, 0.74, 349.69
12.54, 0.74, 349.69
12.54, 0.75, 360.43
12.62, 0.74, 360.43
12.38, 0.74, 360.43
12.79, 0.74, 349.69
11.99, 0.73, 349.69
12.54, 0.74, 349.69
11.41, 0.73, 349.69
12.46, 0.74, 349.69
11.41, 0.74, 349.69
12.15, 0.73, 349.69
11.14, 0.74, 349.69
11.01, 0.73, 349.69
11.70, 0.75, 338.95
12.87, 0.74, 338.95
12.87, 0.74, 349.69
12.30, 0.74, 349.69
12.79, 0.75, 338.95
11.41, 0.74, 338.95
12.15, 0.74, 338.95
12.54, 0.74, 338.95
13.04, 0.74, 338.95
12.79, 0.74, 349.69
11.41, 0.74, 349.69
12.46, 0.74, 349.69
12.54, 0.74, 349.69
11.92, 0.74, 349.69
13.13, 0.75, 349.69
12.79, 0.75, 349.69
11.56, 0.75, 349.69
11.56, 0.74, 349.69
12.87, 0.75, 349.69
12.71, 0.74, 349.69
11.41, 0.74, 338.95
12.79, 0.74, 338.95
12.71, 0.74, 349.69
11.41, 0.74, 349.69
13.04, 0.74, 349.69
11.48, 0.74, 349.69
12.46, 0.74, 349.69
11.14, 0.74, 349.69
11.77, 0.74, 349.69
12.87, 0.74, 360.43
12.38, 0.74, 360.43
12.87, 0.74, 360.43
11.28, 0.74, 360.43
12.87, 0.74, 360.43
12.87, 0.74, 360.43
11.14, 0.74, 360.43
12.30, 0.74, 360.43
11.63, 0.74, 360.43
11.21, 0.74, 360.43
12.15, 0.75, 349.69
11.35, 0.74, 360.43
12.30, 0.74, 349.69
11.70, 0.74, 349.69
12.87, 0.74, 349.69
11.41, 0.74, 349.69
10.94, 0.74, 349.69
11.41, 0.73, 349.69
12.15, 0.74, 349.69
12.87, 0.74, 349.69
12.87, 0.74, 349.69
11.28, 0.73, 349.69
12.87, 0.74, 349.69
12.87, 0.74, 349.69
11.56, 0.75, 349.69
12.96, 0.74, 360.43
12.46, 0.74, 360.43
11.28, 0.74, 360.43
11.28, 0.74, 360.43
11.35, 0.74, 360.43
12.30, 0.74, 360.43
13.22, 0.74, 360.43
12.54, 0.74, 360.43
12.07, 0.74, 360.43
12.62, 0.75, 360.43
11.48, 0.74, 349.69
12.54, 0.73, 349.69
12.07, 0.75, 349.69
12.22, 0.75, 349.69
12.62, 0.74, 349.69
12.71, 0.74, 349.69
12.54, 0.74, 349.69
12.30, 0.74, 338.95
12.46, 0.73, 338.95
12.46, 0.73, 349.69
11.28, 0.74, 349.69
11.48, 0.74, 349.69
12.87, 0.74, 349.69
11.99, 0.73, 349.69
12.62, 0.75, 349.69
11.41, 0.74, 349.69
12.79, 0.73, 349.69
11.63, 0.73, 349.69
12.87, 0.74, 349.69
12.38, 0.73, 349.69
11.84, 0.74, 349.69
11.28, 0.73, 349.69
11.41, 0.74, 349.69
11.41, 0.74, 349.69
12.62, 0.73, 338.95
12.87, 0.75, 338.95
11.99, 0.74, 338.95
11.70, 0.74, 338.95
12.30, 0.73, 328.20
11.41, 0.74, 328.20
11.35, 0.75, 328.20
12.15, 0.73, 328.20
12.30, 0.74, 328.20
11.28, 0.73, 328.20
11.70, 0.74, 328.20
12.79, 0.74, 338.95
12.15, 0.73, 328.20
12.96, 0.74, 338.95
11.99, 0.73, 338.95
11.63, 0.75, 338.95
12.30, 0.74, 338.95
11.28, 0.74, 338.95
12.54, 0.75, 338.95
11.99, 0.74, 338.95
11.48, 0.74, 328.20
12.22, 0.76, 328.20
12.07, 0.74, 328.20
12.46, 0.74, 328.20
11.56, 0.74, 328.20
11.48, 0.74, 328.20
13.49, 0.74, 328.20
11.48, 0.74, 338.95
11.92, 0.74, 338.95
12.79, 0.74, 338.95
13.22, 0.74, 338.95
11.99, 0.74, 349.69
12.22, 0.74, 349.69
12.87, 0.75, 360.43
11.56, 0.74, 360.43
12.71, 0.74, 360.43
11.92, 0.75, 360.43
12.87, 0.75, 360.43
12.62, 0.74, 360.43
12.62, 0.74, 349.69
13.13, 0.74, 360.43
11.41, 0.74, 360.43
11.35, 0.75, 349.69
13.22, 0.75, 349.69
13.22, 0.75, 349.69
13.40, 0.75, 349.69
12.30, 0.74, 349.69
13.04, 0.74, 349.69
11.84, 0.74, 360.43
11.77, 0.74, 349.69
12.07, 0.74, 349.69
11.63, 0.75, 349.69
11.99, 0.74, 349.69
13.22, 0.74, 338.95
12.30, 0.74, 338.95
12.79, 0.74, 338.95
12.22, 0.74, 338.95
13.22, 0.74, 338.95
11.63, 0.74, 338.95
11.70, 0.74, 338.95
11.84, 0.74, 349.69
11.77, 0.73, 349.69
13.13, 0.74, 349.69
12.15, 0.74, 349.69
12.54, 0.74, 349.69
11.70, 0.75, 349.69
13.04, 0.74, 338.95
11.56, 0.74, 338.95
12.79, 0.75, 349.69
11.48, 0.74, 338.95
12.07, 0.74, 338.95
12.87, 0.74, 338.95
11.77, 0.74, 338.95
12.22, 0.74, 338.95
12.96, 0.74, 338.95
11.70, 0.74, 338.95
12.15, 0.74, 338.95
11.84, 0.74, 338.95
11.56, 0.74, 338.95
11.70, 0.74, 349.69
11.70, 0.73, 349.69
11.56, 0.74, 349.69
12.38, 0.75, 349.69
13.13, 0.74, 338.95
13.22, 0.74, 349.69
13.40, 0.74, 349.69
13.31, 0.75, 349.69
12.87, 0.75, 349.69
12.87, 0.74, 338.95
11.70, 0.73, 338.95
11.92, 0.74, 338.95
11.41, 0.74, 349.69
12.62, 0.74, 338.95
12.30, 0.74, 349.69
12.79, 0.75, 349.69
13.22, 0.74, 349.69
13.22, 0.75, 349.69
13.22, 0.74, 349.69
13.40, 0.75, 349.69
11.63, 0.74, 349.69
12.07, 0.74, 349.69
12.79, 0.73, 349.69
12.87, 0.74, 349.69
12.62, 0.74, 349.69
11.48, 0.74, 349.69
12.62, 0.74, 349.69
13.13, 0.75, 349.69
11.99, 0.74, 338.95
11.77, 0.73, 349.69
11.48, 0.73, 349.69
12.79, 0.74, 349.69
11.99, 0.74, 349.69
13.31, 0.75, 349.69
13.22, 0.74, 349.69
11.28, 0.75, 349.69
11.84, 0.74, 349.69
13.40, 0.74, 360.43
13.22, 0.75, 360.43
13.31, 0.74, 360.43
12.62, 0.74, 360.43
12.79, 0.75, 360.43
12.87, 0.75, 360.43
12.22, 0.74, 360.43
12.54, 0.74, 360.43
12.54, 0.74, 360.43
13.13, 0.75, 360.43
11.99, 0.74, 349.69
12.96, 0.75, 349.69
11.48, 0.74, 349.69
11.41, 0.73, 349.69
11.84, 0.74, 349.69
13.22, 0.74, 349.69
12.96, 0.74, 349.69
11.84, 0.74, 349.69
13.22, 0.74, 349.69
11.41, 0.74, 349.69
11.63, 0.75, 349.69
12.07, 0.74, 338.95
13.22, 0.75, 338.95
12.54, 0.74, 338.95
13.40, 0.75, 328.20
11.77, 0.74, 338.95
12.07, 0.74, 338.95
11.56, 0.74, 338.95
13.13, 0.75, 338.95
13.22, 0.75, 349.69
11.14, 0.75, 349.69
12.62, 0.75, 349.69
11.99, 0.74, 349.69
12.30, 0.75, 349.69
13.40, 0.74, 349.69
13.31, 0.74, 349.69
12.07, 0.74, 349.69
13.22, 0.74, 360.43
13.22, 0.74, 349.69
12.87, 0.75, 349.69
12.87, 0.75, 349.69
11.48, 0.74, 360.43
13.04, 0.74, 349.69
13.04, 0.75, 349.69
11.92, 0.74, 349.69
12.07, 0.74, 360.43
11.84, 0.74, 360.43
11.84, 0.75, 349.69
12.38, 0.74, 349.69
13.31, 0.74, 338.95
11.41, 0.73, 338.95
12.87, 0.75, 338.95
12.96, 0.75, 338.95
13.04, 0.74, 349.69
12.30, 0.73, 349.69
13.31, 0.75, 338.95
11.70, 0.74, 328.20
12.22, 0.74, 328.20
13.13, 0.74, 328.20
12.87, 0.74, 328.20
11.28, 0.74, 328.20
12.38, 0.74, 328.20
12.96, 0.74, 338.95
11.35, 0.74, 338.95
13.22, 0.74, 338.95
11.48, 0.74, 349.69
12.38, 0.74, 349.69
12.87, 0.74, 349.69
11.99, 0.74, 349.69
11.41, 0.74, 349.69
13.13, 0.75, 349.69
13.13, 0.75, 349.69
12.07, 0.74, 349.69
12.87, 0.74, 349.69
13.22, 0.75, 349.69
12.54, 0.74, 338.95
11.35, 0.74, 338.95
13.04, 0.73, 338.95
12.79, 0.75, 338.95
11.99, 0.74, 349.69
13.04, 0.75, 349.69
12.07, 0.74, 349.69
12.87, 0.75, 338.95
12.54, 0.75, 338.95
13.22, 0.74, 349.69
13.22, 0.74, 349.69
12.46, 0.74, 349.69
12.22, 0.75, 349.69
13.49, 0.74, 349.69
12.79, 0.74, 349.69
12.07, 0.74, 349.69
11.70, 0.73, 349.69
13.22, 0.74, 349.69
13.13, 0.75, 349.69
11.99, 0.75, 349.69
13.04, 0.75, 360.43
11.84, 0.74, 360.43
13.22, 0.74, 349.69
11.63, 0.74, 349.69
11.84, 0.74, 349.69
11.63, 0.74, 349.69
12.96, 0.74, 349.69
12.22, 0.74, 349.69
12.87, 0.73, 349.69
12.62, 0.74, 349.69
12.62, 0.74, 349.69
13.40, 0.74, 349.69
12.54, 0.73, 349.69
11.48, 0.73, 349.69
11.99, 0.74, 349.69
12.79, 0.74, 349.69
13.58, 0.74, 349.69
12.38, 0.74, 349.69
13.40, 0.74, 349.69
12.38, 0.74, 349.69
12.71, 0.74, 338.95
13.22, 0.73, 349.69
12.71, 0.74, 338.95
13.40, 0.73, 338.95
13.31, 0.74, 338.95
12.38, 0.73, 338.95
13.40, 0.74, 338.95
13.22, 0.74, 338.95
12.71, 0.74, 360.43
11.70, 0.74, 349.69
11.70, 0.74, 349.69
13.22, 0.74, 349.69
13.13, 0.74, 349.69
13.13, 0.75, 360.43
12.30, 0.74, 360.43
12.30, 0.74, 360.43
11.70, 0.74, 360.43
11.99, 0.74, 360.43
13.13, 0.74, 360.43
11.63, 0.74, 349.69
11.41, 0.74, 360.43
13.22, 0.74, 360.43
13.04, 0.74, 360.43
13.40, 0.74, 349.69
13.40, 0.74, 349.69
13.49, 0.74, 338.95
13.49, 0.74, 338.95
12.30, 0.73, 338.95
11.99, 0.74, 328.20
11.77, 0.74, 338.95
11.48, 0.74, 338.95
13.04, 0.73, 338.95
12.54, 0.74, 338.95
13.49, 0.75, 338.95
11.48, 0.73, 338.95
13.22, 0.75, 338.95
12.87, 0.75, 338.95
11.70, 0.74, 338.95
12.38, 0.74, 349.69
12.54, 0.74, 338.95
11.70, 0.75, 338.95
12.79, 0.74, 338.95
12.22, 0.74, 349.69
12.22, 0.75, 338.95
13.58, 0.74, 349.69
11.77, 0.75, 349.69
11.48, 0.74, 349.69
12.54, 0.74, 349.69
11.70, 0.74, 349.69
11.77, 0.73, 360.43
11.56, 0.74, 360.43
13.58, 0.75, 360.43
12.46, 0.75, 371.17
13.40, 0.74, 371.17
11.99, 0.74, 371.17
11.63, 0.74, 360.43
12.79, 0.74, 360.43
13.22, 0.74, 371.17
13.40, 0.74, 360.43
13.22, 0.74, 360.43
12.96, 0.75, 349.69
13.22, 0.74, 349.69
11.99, 0.74, 338.95
13.67, 0.74, 338.95
12.30, 0.74, 349.69
13.58, 0.74, 349.69
13.31, 0.74, 349.69
12.96, 0.74, 338.95
13.04, 0.74, 349.69
13.77, 0.74, 338.95
13.58, 0.74, 338.95
12.30, 0.74, 338.95
13.40, 0.74, 338.95
13.13, 0.73, 349.69
11.70, 0.74, 338.95
11.84, 0.74, 349.69
11.99, 0.74, 338.95
12.54, 0.74, 349.69
13.58, 0.74, 349.69
11.77, 0.74, 371.17
13.40, 0.74, 371.17
13.58, 0.74, 371.17
12.30, 0.75, 371.17
13.49, 0.74, 371.17
13.67, 0.74, 360.43
12.07, 0.74, 360.43
13.40, 0.74, 360.43
11.70, 0.75, 360.43
13.49, 0.74, 360.43
11.77, 0.74, 338.95
13.49, 0.74, 349.69
12.62, 0.75, 338.95
12.96, 0.74, 338.95
13.49, 0.74, 338.95
12.38, 0.74, 349.69
11.99, 0.74, 338.95
13.31, 0.74, 338.95
13.40, 0.74, 338.95
12.15, 0.74, 338.95
11.84, 0.75, 349.69
12.62, 0.74, 338.95
13.22, 0.74, 349.69
11.99, 0.74, 349.69
12.96, 0.74, 349.69
13.04, 0.73, 338.95
13.49, 0.75, 338.95
12.71, 0.74, 338.95
12.54, 0.74, 338.95
13.22, 0.74, 349.69
11.84, 0.74, 338.95
11.92, 0.74, 328.20
12.07, 0.74, 328.20
13.13, 0.74, 338.95
12.96, 0.74, 338.95
13.49, 0.74, 338.95
13.04, 0.74, 338.95
12.38, 0.74, 338.95
13.58, 0.74, 349.69
13.40, 0.74, 349.69
12.62, 0.74, 349.69
13.31, 0.73, 349.69
13.58, 0.75, 349.69
11.77, 0.74, 349.69
12.62, 0.74, 338.95
13.13, 0.74, 349.69
13.40, 0.74, 360.43
13.49, 0.74, 360.43
12.79, 0.74, 360.43
11.99, 0.74, 360.43
13.13, 0.74, 360.43
12.62, 0.74, 360.43
12.62, 0.73, 360.43
13.31, 0.74, 360.43
13.77, 0.75, 360.43
12.38, 0.74, 349.69
13.67, 0.74, 349.69
12.30, 0.73, 349.69
12.87, 0.74, 349.69
13.49, 0.75, 349.69
13.13, 0.74, 349.69
12.71, 0.74, 349.69
12.54, 0.75, 349.69
13.49, 0.75, 349.69
13.49, 0.74, 349.69
13.40, 0.74, 349.69
12.62, 0.75, 360.43
11.70, 0.74, 360.43
12.87, 0.74, 349.69
12.30, 0.74, 349.69
11.77, 0.74, 349.69
12.38, 0.74, 349.69
11.77, 0.73, 349.69
11.70, 0.74, 349.69
11.48, 0.74, 338.95
13.22, 0.74, 338.95
12.30, 0.74, 338.95
12.87, 0.74, 328.20
12.07, 0.74, 338.95
12.07, 0.74, 338.95
13.22, 0.74, 338.95
11.77, 0.74, 338.95
13.58, 0.74, 338.95
13.58, 0.74, 338.95
12.46, 0.75, 349.69
12.30, 0.74, 349.69
12.22, 0.73, 349.69
12.71, 0.74, 349.69
12.62, 0.74, 349.69
11.99, 0.74, 349.69
12.54, 0.75, 349.69
13.58, 0.74, 349.69
13.49, 0.73, 349.69
11.77, 0.74, 338.95
12.87, 0.73, 338.95
12.30, 0.74, 338.95
13.22, 0.74, 338.95
13.77, 0.74, 338.95
11.99, 0.74, 338.95
11.84, 0.74, 349.69
12.87, 0.75, 349.69
12.54, 0.74, 349.69
13.22, 0.74, 349.69
11.56, 0.73, 349.69
12.54, 0.74, 360.43
11.99, 0.74, 349.69
12.30, 0.74, 360.43
13.58, 0.75, 360.43
13.31, 0.74, 360.43
13.77, 0.74, 349.69
13.58, 0.74, 349.69
11.92, 0.74, 349.69
11.99, 0.74, 349.69
13.49, 0.74, 349.69
12.79, 0.74, 338.95
12.96, 0.74, 338.95
13.58, 0.75, 338.95
12.62, 0.74, 338.95
13.40, 0.74, 338.95
13.58, 0.76, 338.95
11.77, 0.75, 338.95
12.71, 0.74, 338.95
13.22, 0.74, 338.95
13.96, 0.74, 338.95
12.71, 0.75, 338.95
13.58, 0.74, 338.95
13.49, 0.74, 338.95
12.79, 0.74, 338.95
12.79, 0.74, 338.95
13.67, 0.75, 338.95
13.22, 0.74, 338.95
12.38, 0.74, 338.95
13.13, 0.74, 338.95
13.49, 0.75, 338.95
13.49, 0.74, 349.69
11.99, 0.75, 349.69
12.71, 0.74, 349.69
13.49, 0.74, 349.69
11.77, 0.75, 349.69
13.49, 0.75, 360.43
13.22, 0.74, 360.43
13.77, 0.74, 349.69
11.70, 0.74, 349.69
12.62, 0.74, 360.43
13.58, 0.74, 349.69
12.30, 0.74, 349.69
12.96, 0.75, 349.69
13.58, 0.75, 349.69
13.22, 0.74, 349.69
13.58, 0.75, 349.69
13.13, 0.75, 349.69
11.77, 0.75, 360.43
12.22, 0.73, 360.43
13.58, 0.74, 360.43
12.96, 0.75, 360.43
11.99, 0.75, 360.43
12.54, 0.74, 360.43
12.38, 0.74, 360.43
13.13, 0.73, 371.17
12.07, 0.75, 360.43
13.58, 0.74, 360.43
12.15, 0.74, 349.69
12.07, 0.75, 349.69
11.84, 0.74, 349.69
13.77, 0.74, 349.69
13.67, 0.74, 338.95
13.58, 0.75, 338.95
13.49, 0.74, 338.95
12.15, 0.74, 338.95
13.49, 0.73, 338.95
13.58, 0.74, 338.95
13.49, 0.73, 338.95
13.58, 0.74, 349.69
13.40, 0.75, 349.69
12.79, 0.74, 349.69
13.67, 0.74, 349.69
12.07, 0.74, 349.69
13.58, 0.75, 349.69
12.46, 0.74, 360.43
13.77, 0.74, 349.69
11.77, 0.74, 349.69
12.54, 0.74, 349.69
13.49, 0.75, 349.69
13.77, 0.74, 349.69
12.15, 0.74, 349.69
12.07, 0.74, 349.69
11.70, 0.74, 349.69
13.49, 0.74, 338.95
11.99, 0.74, 338.95
11.70, 0.74, 338.95
12.46, 0.74, 338.95
11.48, 0.74, 338.95
13.04, 0.74, 338.95
12.22, 0.74, 338.95
12.07, 0.74, 328.20
12.30, 0.74, 328.20
13.49, 0.74, 338.95
12.54, 0.74, 338.95
13.04, 0.74, 338.95
13.77, 0.74, 338.95
12.07, 0.74, 338.95
12.96, 0.74, 338.95
12.79, 0.73, 338.95
12.96, 0.74, 338.95
12.07, 0.74, 349.69
13.13, 0.74, 349.69
12.15, 0.73, 349.69
11.99, 0.74, 349.69
13.96, 0.74, 349.69
13.04, 0.74, 349.69
11.48, 0.74, 338.95
13.40, 0.74, 338.95
13.22, 0.75, 349.69
11.77, 0.74, 349.69
13.22, 0.74, 338.95
12.38, 0.74, 338.95
13.22, 0.75, 338.95
12.46, 0.75, 338.95
12.30, 0.74, 338.95
13.58, 0.75, 338.95
12.46, 0.75, 349.69
13.13, 0.74, 349.69
12.87, 0.74, 349.69
13.31, 0.75, 338.95
13.49, 0.75, 338.95
13.77, 0.74, 338.95
12.30, 0.74, 338.95
13.58, 0.74, 338.95
12.38, 0.74, 338.95
13.58, 0.75, 349.69
12.46, 0.74, 349.69
11.92, 0.75, 349.69
13.77, 0.75, 349.69
13.77, 0.74, 349.69
13.58, 0.74, 349.69
13.67, 0.74, 349.69
12.30, 0.74, 349.69
12.79, 0.74, 349.69
13.31, 0.74, 349.69
11.99, 0.74, 360.43
12.96, 0.74, 360.43
12.46, 0.74, 360.43
12.62, 0.74, 371.17
11.92, 0.74, 371.17
13.77, 0.74, 360.43
13.77, 0.75, 371.17
13.58, 0.74, 381.91
13.49, 0.74, 381.91
13.77, 0.74, 371.17
11.77, 0.74, 371.17
12.07, 0.75, 371.17
13.49, 0.74, 371.17
12.46, 0.74, 360.43
13.58, 0.73, 360.43
13.96, 0.75, 371.17
13.67, 0.75, 360.43
11.63, 0.75, 360.43
12.07, 0.75, 349.69
12.87, 0.75, 360.43
13.31, 0.74, 360.43
13.58, 0.74, 349.69
11.99, 0.74, 349.69
13.04, 0.74, 349.69
13.86, 0.75, 349.69
13.96, 0.74, 349.69
13.04, 0.74, 349.69
12.62, 0.74, 349.69
12.54, 0.74, 360.43
13.58, 0.74, 349.69
13.49, 0.74, 349.69
13.58, 0.75, 349.69
12.79, 0.73, 349.69
13.04, 0.74, 349.69
13.22, 0.75, 349.69
13.77, 0.75, 349.69
13.49, 0.75, 349.69
11.77, 0.74, 349.69
12.96, 0.75, 338.95
12.62, 0.74, 349.69
13.67, 0.75, 349.69
13.58, 0.74, 349.69
13.13, 0.74, 349.69
13.58, 0.75, 349.69
13.04, 0.73, 349.69
13.77, 0.74, 360.43
13.77, 0.74, 349.69
11.99, 0.74, 349.69
13.86, 0.74, 349.69
12.79, 0.74, 338.95
12.79, 0.74, 338.95
11.77, 0.74, 349.69
12.96, 0.75, 338.95
11.99, 0.74, 349.69
13.49, 0.74, 349.69
13.40, 0.74, 338.95
12.07, 0.73, 338.95
13.77, 0.75, 338.95
13.22, 0.75, 338.95
13.31, 0.74, 338.95
14.05, 0.73, 349.69
13.77, 0.75, 349.69
13.67, 0.74, 360.43
12.15, 0.74, 349.69
12.30, 0.74, 349.69
12.71, 0.75, 349.69
13.31, 0.74, 349.69
13.67, 0.74, 349.69
11.63, 0.75, 349.69
11.77, 0.74, 360.43
11.84, 0.74, 349.69
13.86, 0.75, 349.69
12.71, 0.74, 349.69
13.58, 0.74, 360.43
12.46, 0.74, 360.43
11.77, 0.74, 360.43
13.04, 0.74, 360.43
12.54, 0.75, 371.17
13.67, 0.74, 360.43
13.67, 0.74, 360.43
13.49, 0.75, 360.43
12.07, 0.74, 360.43
12.96, 0.74, 360.43
13.22, 0.74, 360.43
12.54, 0.74, 360.43
12.07, 0.74, 360.43
11.99, 0.73, 360.43
12.54, 0.74, 360.43
13.58, 0.74, 360.43
13.67, 0.74, 360.43
13.58, 0.74, 349.69
12.79, 0.74, 349.69
13.86, 0.74, 349.69
13.67, 0.74, 349.69
13.49, 0.75, 349.69
12.96, 0.74, 349.69
14.25, 0.74, 349.69
13.67, 0.74, 338.95
12.96, 0.74, 338.95
12.54, 0.74, 338.95
13.31, 0.74, 338.95
13.13, 0.74, 338.95
13.31, 0.74, 338.95
13.67, 0.74, 328.20
13.77, 0.74, 328.20
12.87, 0.74, 328.20
13.58, 0.74, 328.20
12.30, 0.74, 338.95
13.49, 0.75, 338.95
13.67, 0.74, 338.95
12.46, 0.74, 338.95
13.49, 0.75, 338.95
12.54, 0.74, 338.95
13.77, 0.74, 338.95
13.96, 0.74, 338.95
13.49, 0.74, 349.69
12.71, 0.75, 338.95
13.49, 0.74, 338.95
12.22, 0.75, 338.95
13.77, 0.76, 338.95
12.22, 0.75, 338.95
12.54, 0.75, 338.95
13.96, 0.74, 338.95
13.86, 0.75, 349.69
13.77, 0.75, 349.69
13.77, 0.74, 338.95
12.54, 0.75, 349.69
11.99, 0.75, 349.69
13.22, 0.74, 338.95
12.38, 0.75, 338.95
13.40, 0.74, 338.95
11.84, 0.74, 338.95
11.77, 0.74, 349.69
13.31, 0.75, 338.95
14.05, 0.74, 338.95
12.22, 0.75, 349.69
12.96, 0.74, 349.69
12.87, 0.74, 349.69
12.87, 0.75, 349.69
13.49, 0.75, 349.69
13.40, 0.74, 349.69
13.96, 0.74, 349.69
12.87, 0.74, 349.69
13.58, 0.74, 349.69
11.84, 0.74, 360.43
12.38, 0.74, 360.43
13.96, 0.75, 360.43
12.62, 0.75, 371.17
12.46, 0.74, 371.17
11.92, 0.74, 371.17
13.22, 0.75, 381.91
13.86, 0.74, 371.17
14.15, 0.74, 371.17
12.87, 0.74, 371.17
13.86, 0.74, 360.43
14.25, 0.74, 360.43
13.77, 0.74, 360.43
13.86, 0.74, 349.69
13.86, 0.75, 349.69
12.62, 0.73, 349.69
12.96, 0.74, 349.69
12.46, 0.74, 338.95
13.86, 0.74, 349.69
13.96, 0.74, 349.69
13.96, 0.74, 349.69
13.77, 0.74, 349.69
13.31, 0.75, 338.95
13.86, 0.74, 349.69
13.40, 0.74, 349.69
12.96, 0.74, 349.69
13.31, 0.75, 349.69
13.86, 0.74, 349.69
13.49, 0.74, 349.69
13.96, 0.74, 349.69
12.30, 0.73, 349.69
12.71, 0.74, 349.69
14.05, 0.74, 360.43
13.13, 0.74, 349.69
12.54, 0.74, 349.69
12.30, 0.74, 360.43
12.07, 0.74, 349.69
13.58, 0.74, 360.43
13.49, 0.74, 349.69
12.30, 0.74, 349.69
13.49, 0.74, 349.69
13.40, 0.74, 349.69
13.58, 0.74, 338.95
13.86, 0.74, 338.95
12.07, 0.74, 328.20
13.22, 0.75, 328.20
13.04, 0.74, 338.95
13.22, 0.74, 338.95
13.86, 0.74, 338.95
11.84, 0.74, 338.95
13.77, 0.73, 349.69
13.58, 0.75, 349.69
11.99, 0.74, 349.69
13.58, 0.74, 360.43
12.62, 0.74, 360.43
13.58, 0.74, 360.43
12.87, 0.74, 360.43
12.87, 0.74, 360.43
11.99, 0.75, 360.43
12.07, 0.74, 371.17
13.49, 0.75, 360.43
12.54, 0.74, 360.43
13.67, 0.74, 360.43
13.67, 0.74, 349.69
13.96, 0.75, 349.69
12.30, 0.74, 360.43
12.30, 0.74, 349.69
13.13, 0.74, 349.69
13.31, 0.74, 349.69
14.05, 0.74, 338.95
13.40, 0.74, 338.95
13.49, 0.75, 338.95
11.99, 0.74, 349.69
13.86, 0.74, 349.69
13.31, 0.74, 349.69
12.22, 0.74, 349.69
12.30, 0.74, 349.69
12.30, 0.74, 349.69
12.46, 0.74, 349.69
13.49, 0.74, 349.69
12.07, 0.74, 360.43
12.96, 0.74, 360.43
12.46, 0.74, 349.69
13.67, 0.73, 360.43
13.31, 0.73, 349.69
13.77, 0.74, 349.69
12.96, 0.73, 349.69
12.62, 0.74, 349.69
12.54, 0.74, 360.43
12.62, 0.73, 360.43
13.96, 0.74, 349.69
12.07, 0.74, 360.43
13.67, 0.73, 360.43
13.58, 0.74, 360.43
12.15, 0.74, 360.43
14.15, 0.75, 360.43
13.31, 0.74, 371.17
12.30, 0.74, 371.17
13.22, 0.74, 360.43
14.05, 0.74, 360.43
12.96, 0.73, 360.43
12.07, 0.74, 349.69
13.04, 0.74, 349.69
12.46, 0.73, 349.69
13.96, 0.74, 360.43
13.96, 0.74, 360.43
12.46, 0.74, 360.43
12.62, 0.74, 360.43
13.67, 0.73, 349.69
13.58, 0.75, 349.69
12.30, 0.74, 349.69
12.38, 0.74, 349.69
13.96, 0.74, 338.95
13.86, 0.75, 338.95
14.05, 0.74, 349.69
11.99, 0.74, 338.95
13.49, 0.74, 349.69
13.22, 0.74, 349.69
13.86, 0.74, 349.69
12.07, 0.74, 349.69
13.22, 0.75, 349.69
13.31, 0.74, 349.69
13.96, 0.75, 349.69
14.25, 0.74, 349.69
12.96, 0.74, 349.69
13.49, 0.74, 349.69
12.30, 0.74, 338.95
12.46, 0.75, 338.95
13.96, 0.75, 338.95
13.67, 0.74, 338.95
12.79, 0.74, 349.69
12.62, 0.74, 349.69
13.13, 0.74, 349.69
12.79, 0.75, 349.69
13.40, 0.75, 349.69
13.77, 0.74, 349.69
13.13, 0.75, 349.69
13.96, 0.74, 349.69
12.30, 0.74, 349.69
13.49, 0.74, 349.69
13.31, 0.74, 338.95
12.30, 0.74, 338.95
11.99, 0.74, 338.95
13.86, 0.75, 338.95
12.54, 0.75, 349.69
12.46, 0.74, 338.95
13.96, 0.74, 349.69
13.31, 0.75, 338.95
13.49, 0.74, 349.69
12.71, 0.74, 360.43
13.31, 0.74, 360.43
11.92, 0.74, 360.43
11.99, 0.74, 360.43
13.49, 0.74, 360.43
13.86, 0.74, 360.43
12.30, 0.74, 360.43
14.15, 0.75, 360.43
14.05, 0.74, 360.43
13.31, 0.74, 360.43
12.62, 0.74, 360.43
13.67, 0.75, 360.43
13.86, 0.73, 349.69
13.22, 0.74, 349.69
13.96, 0.74, 349.69
13.49, 0.73, 349.69
12.96, 0.74, 349.69
12.22, 0.74, 349.69
13.67, 0.75, 349.69
14.15, 0.74, 349.69
13.58, 0.74, 349.69
13.77, 0.74, 349.69
13.04, 0.74, 349.69
13.22, 0.74, 349.69
13.58, 0.74, 349.69
12.96, 0.74, 349.69
12.38, 0.75, 349.69
12.30, 0.74, 349.69
12.87, 0.75, 349.69
14.25, 0.74, 349.69
14.25, 0.75, 349.69
13.31, 0.74, 349.69
13.77, 0.74, 349.69
14.25, 0.74, 349.69
12.07, 0.74, 349.69
12.46, 0.74, 349.69
13.49, 0.74, 349.69
14.15, 0.74, 349.69
12.71, 0.74, 349.69
13.67, 0.74, 349.69
13.13, 0.74, 349.69
13.49, 0.74, 349.69
12.30, 0.74, 349.69
12.62, 0.74, 349.69
12.87, 0.75, 349.69
13.86, 0.74, 349.69
13.86, 0.74, 349.69
12.46, 0.74, 349.69
12.30, 0.74, 349.69
13.77, 0.74, 349.69
14.35, 0.74, 349.69
12.22, 0.74, 349.69
12.30, 0.74, 349.69
12.30, 0.74, 349.69
13.67, 0.74, 349.69
14.25, 0.75, 349.69
13.67, 0.74, 349.69
14.05, 0.74, 349.69
12.30, 0.74, 349.69
12.07, 0.75, 349.69
12.54, 0.74, 349.69
13.58, 0.74, 349.69
12.96, 0.75, 360.43
14.15, 0.75, 360.43
12.30, 0.74, 360.43
13.58, 0.74, 360.43
12.07, 0.74, 360.43
13.13, 0.75, 360.43
13.86, 0.74, 349.69
13.58, 0.74, 349.69
13.96, 0.74, 360.43
13.04, 0.73, 360.43
12.71, 0.75, 349.69
11.92, 0.73, 349.69
12.22, 0.74, 360.43
12.07, 0.74, 360.43
12.22, 0.74, 360.43
12.71, 0.74, 360.43
11.99, 0.74, 360.43
13.96, 0.74, 360.43
14.25, 0.75, 360.43
13.49, 0.75, 360.43
12.38, 0.74, 349.69
12.07, 0.75, 349.69
13.96, 0.74, 349.69
12.22, 0.73, 349.69
14.15, 0.74, 349.69
13.96, 0.74, 349.69
12.22, 0.74, 349.69
13.13, 0.74, 349.69
12.22, 0.74, 349.69
12.71, 0.74, 349.69
12.71, 0.74, 349.69
14.35, 0.74, 349.69
12.22, 0.74, 349.69
14.05, 0.74, 349.69
12.71, 0.74, 349.69
13.77, 0.73, 349.69
14.25, 0.74, 338.95
14.05, 0.74, 338.95
12.46, 0.74, 338.95
12.30, 0.74, 338.95
12.46, 0.74, 349.69
13.96, 0.74, 349.69
13.67, 0.74, 349.69
13.13, 0.74, 349.69
14.05, 0.75, 349.69
13.96, 0.74, 349.69
14.15, 0.74, 349.69
13.58, 0.74, 349.69
12.15, 0.74, 349.69
13.67, 0.75, 349.69
11.92, 0.74, 349.69
14.15, 0.74, 349.69
13.22, 0.74, 360.43
13.49, 0.74, 360.43
13.96, 0.74, 360.43
14.25, 0.74, 360.43
12.71, 0.75, 360.43
12.46, 0.74, 360.43
12.96, 0.72, 360.43
13.96, 0.74, 360.43
14.15, 0.74, 349.69
14.25, 0.74, 349.69
13.96, 0.74, 349.69
11.92, 0.74, 349.69
13.96, 0.74, 349.69
13.67, 0.73, 349.69
13.58, 0.75, 360.43
12.96, 0.74, 360.43
12.30, 0.74, 360.43
12.87, 0.74, 360.43
13.49, 0.74, 360.43
14.25, 0.75, 371.17
12.38, 0.74, 371.17
11.99, 0.74, 371.17
13.58, 0.74, 371.17
13.77, 0.74, 360.43
13.86, 0.74, 360.43
13.49, 0.74, 360.43
13.22, 0.74, 360.43
13.77, 0.75, 360.43
11.99, 0.74, 360.43
14.25, 0.74, 349.69
13.96, 0.75, 349.69
13.22, 0.74, 349.69
12.62, 0.74, 349.69
14.25, 0.74, 349.69
11.92, 0.74, 338.95
14.25, 0.74, 349.69
12.07, 0.74, 349.69
13.13, 0.74, 360.43
13.22, 0.74, 360.43
13.58, 0.74, 360.43
12.30, 0.74, 371.17
12.15, 0.74, 371.17
14.05, 0.75, 371.17
13.86, 0.74, 371.17
12.62, 0.74, 371.17
12.07, 0.74, 360.43
14.25, 0.74, 360.43
12.07, 0.74, 349.69
14.35, 0.74, 349.69
13.77, 0.75, 349.69
14.25, 0.74, 349.69
12.30, 0.74, 349.69
13.22, 0.74, 349.69
13.04, 0.74, 349.69
13.49, 0.74, 349.69
12.71, 0.74, 349.69
13.86, 0.75, 349.69
13.86, 0.74, 349.69
12.15, 0.74, 349.69
13.40, 0.74, 349.69
14.05, 0.75, 349.69
13.58, 0.75, 349.69
13.67, 0.74, 349.69
13.04, 0.75, 338.95
14.35, 0.75, 338.95
12.54, 0.75, 338.95
12.46, 0.74, 349.69
14.25, 0.74, 349.69
13.86, 0.74, 349.69
12.30, 0.75, 349.69
14.35, 0.74, 349.69
13.40, 0.75, 349.69
13.96, 0.75, 349.69
12.87, 0.75, 349.69
13.96, 0.75, 349.69
13.86, 0.74, 349.69
14.35, 0.74, 349.69
14.25, 0.75, 338.95
12.96, 0.74, 349.69
13.58, 0.74, 349.69
13.86, 0.74, 349.69
12.96, 0.73, 349.69
13.58, 0.73, 349.69
14.05, 0.74, 349.69
13.22, 0.74, 349.69
14.05, 0.74, 349.69
12.54, 0.74, 349.69
13.49, 0.74, 349.69
12.96, 0.74, 349.69
13.04, 0.74, 349.69
13.96, 0.74, 349.69
11.99, 0.74, 349.69
12.30, 0.74, 349.69
13.31, 0.74, 338.95
13.58, 0.74, 349.69
12.96, 0.75, 338.95
14.25, 0.75, 338.95
13.13, 0.74, 338.95
13.77, 0.74, 338.95
13.04, 0.74, 338.95
13.58, 0.74, 338.95
12.79, 0.73, 328.20
12.38, 0.74, 338.95
14.66, 0.74, 338.95
13.22, 0.74, 338.95
13.22, 0.74, 338.95
12.30, 0.75, 338.95
14.05, 0.75, 349.69
14.25, 0.74, 349.69
13.22, 0.75, 349.69
13.22, 0.75, 349.69
13.86, 0.74, 360.43
13.86, 0.73, 360.43
13.04, 0.74, 360.43
13.96, 0.74, 360.43
12.62, 0.74, 349.69
13.96, 0.74, 349.69
12.62, 0.73, 349.69
12.30, 0.74, 349.69
13.77, 0.74, 338.95
12.30, 0.74, 338.95
14.45, 0.73, 328.20
13.31, 0.74, 338.95
14.15, 0.75, 338.95
14.05, 0.74, 349.69
13.86, 0.74, 349.69
13.13, 0.75, 360.43
12.96, 0.74, 349.69
11.99, 0.74, 360.43
14.05, 0.74, 360.43
13.77, 0.75, 360.43
11.92, 0.74, 360.43
14.25, 0.74, 360.43
13.96, 0.75, 349.69
13.40, 0.75, 349.69
14.56, 0.74, 349.69
13.58, 0.74, 349.69
14.25, 0.74, 360.43
14.15, 0.74, 349.69
12.96, 0.74, 349.69
13.13, 0.74, 360.43
14.35, 0.74, 360.43
14.25, 0.74, 349.69
13.49, 0.73, 349.69
13.22, 0.74, 349.69
14.56, 0.75, 349.69
14.35, 0.75, 349.69
13.04, 0.74, 360.43
13.86, 0.74, 360.43
12.30, 0.74, 360.43
13.77, 0.74, 360.43
13.67, 0.74, 360.43
13.86, 0.74, 371.17
12.46, 0.74, 371.17
13.49, 0.73, 371.17
12.22, 0.75, 371.17
14.25, 0.74, 371.17
12.46, 0.73, 360.43
12.30, 0.74, 360.43
12.62, 0.73, 360.43
12.30, 0.74, 349.69
13.96, 0.74, 349.69
14.25, 0.73, 349.69
13.96, 0.74, 338.95
13.96, 0.74, 338.95
13.22, 0.75, 328.20
13.58, 0.75, 328.20
14.25, 0.75, 338.95
12.07, 0.74, 338.95
13.86, 0.74, 338.95
12.54, 0.74, 338.95
14.05, 0.74, 338.95
12.46, 0.73, 338.95
12.30, 0.74, 338.95
14.05, 0.75, 338.95
12.22, 0.74, 349.69
12.38, 0.74, 349.69
12.38, 0.74, 349.69
12.87, 0.75, 349.69
12.22, 0.74, 349.69
12.54, 0.74, 349.69
13.86, 0.74, 360.43
13.58, 0.74, 360.43
14.25, 0.74, 360.43
14.35, 0.74, 360.43
12.22, 0.74, 349.69
12.07, 0.75, 349.69
14.66, 0.75, 349.69
14.25, 0.74, 349.69
14.35, 0.74, 349.69
12.54, 0.74, 349.69
13.96, 0.75, 349.69
14.77, 0.74, 360.43
13.13, 0.74, 360.43
12.46, 0.74, 360.43
12.87, 0.74, 360.43
13.58, 0.74, 349.69
13.86, 0.73, 349.69
13.67, 0.74, 349.69
14.35, 0.74, 349.69
13.86, 0.74, 349.69
13.22, 0.74, 349.69
13.31, 0.74, 338.95
13.49, 0.73, 338.95
12.30, 0.74, 338.95
14.25, 0.74, 338.95
14.25, 0.75, 349.69
13.86, 0.74, 338.95
13.67, 0.73, 349.69
13.31, 0.75, 349.69
13.96, 0.74, 338.95
13.86, 0.74, 338.95
12.71, 0.74, 338.95
12.30, 0.74, 338.95
13.49, 0.74, 338.95
14.66, 0.74, 338.95
13.67, 0.74, 338.95
12.30, 0.73, 338.95
12.62, 0.74, 338.95
13.04, 0.74, 338.95
12.22, 0.75, 328.20
13.22, 0.74, 338.95
13.67, 0.74, 338.95
13.31, 0.74, 338.95
13.04, 0.75, 338.95
13.86, 0.74, 338.95
12.71, 0.74, 349.69
14.25, 0.74, 349.69
13.22, 0.75, 349.69
12.30, 0.74, 349.69
12.96, 0.74, 349.69
13.13, 0.75, 349.69
14.25, 0.74, 349.69
12.54, 0.74, 349.69
14.25, 0.74, 349.69
14.56, 0.74, 349.69
13.86, 0.74, 349.69
12.07, 0.74, 360.43
14.45, 0.74, 360.43
12.62, 0.74, 360.43
13.67, 0.74, 360.43
12.30, 0.74, 360.43
12.38, 0.74, 349.69
14.35, 0.74, 349.69
14.25, 0.74, 349.69
12.22, 0.74, 349.69
13.77, 0.74, 338.95
12.79, 0.75, 338.95
13.04, 0.75, 338.95
13.67, 0.74, 338.95
14.56, 0.74, 338.95
14.35, 0.75, 338.95
13.96, 0.74, 338.95
12.38, 0.74, 338.95
13.22, 0.74, 349.69
14.35, 0.74, 360.43
12.87, 0.75, 360.43
13.86, 0.74, 371.17
13.49, 0.75, 360.43
14.25, 0.74, 360.43
12.62, 0.74, 360.43
14.45, 0.74, 360.43
13.86, 0.74, 360.43
13.49, 0.75, 360.43
13.22, 0.75, 349.69
14.25, 0.74, 349.69
13.58, 0.74, 338.95
11.99, 0.74, 338.95
12.38, 0.74, 338.95
12.22, 0.74, 338.95
13.67, 0.74, 338.95
12.71, 0.74, 338.95
14.15, 0.74, 338.95
14.15, 0.75, 338.95
12.96, 0.74, 338.95
14.25, 0.75, 338.95
14.05, 0.75, 338.95
13.67, 0.75, 349.69
12.79, 0.75, 349.69
13.22, 0.75, 349.69
12.46, 0.75, 360.43
14.05, 0.74, 371.17
13.77, 0.75, 371.17
13.86, 0.73, 371.17
14.35, 0.75, 371.17
14.35, 0.74, 371.17
13.31, 0.75, 360.43
14.25, 0.74, 371.17
12.46, 0.75, 360.43
12.46, 0.75, 360.43
13.49, 0.75, 360.43
13.86, 0.74, 349.69
14.35, 0.75, 338.95
13.86, 0.74, 338.95
14.05, 0.74, 338.95
14.35, 0.74, 338.95
13.31, 0.74, 338.95
13.77, 0.75, 338.95
12.22, 0.75, 338.95
12.30, 0.74, 338.95
13.22, 0.74, 338.95
14.35, 0.75, 338.95
14.25, 0.74, 349.69
13.96, 0.74, 349.69
14.35, 0.74, 349.69
13.58, 0.75, 349.69
12.22, 0.74, 349.69
14.35, 0.74, 349.69
13.67, 0.74, 349.69
13.67, 0.74, 360.43
13.31, 0.74, 360.43
13.67, 0.74, 360.43
12.96, 0.74, 349.69
13.22, 0.75, 360.43
13.22, 0.75, 360.43
14.35, 0.74, 360.43
13.13, 0.74, 360.43
13.58, 0.74, 360.43
14.35, 0.73, 360.43
14.45, 0.74, 349.69
12.79, 0.74, 349.69
12.62, 0.74, 349.69
14.66, 0.74, 349.69
14.25, 0.74, 349.69
14.25, 0.74, 349.69
12.96, 0.73, 349.69
12.71, 0.74, 349.69
12.96, 0.74, 349.69
14.25, 0.74, 349.69
12.71, 0.74, 349.69
14.35, 0.74, 349.69
13.86, 0.75, 349.69
13.96, 0.74, 349.69
12.62, 0.74, 360.43
12.46, 0.74, 371.17
12.62, 0.74, 371.17
13.86, 0.74, 371.17
14.56, 0.74, 371.17
14.15, 0.75, 371.17
14.45, 0.74, 371.17
14.45, 0.74, 371.17
12.71, 0.74, 371.17
14.25, 0.74, 360.43
13.22, 0.74, 360.43
12.62, 0.73, 360.43
12.54, 0.74, 360.43
12.87, 0.74, 360.43
12.46, 0.74, 360.43
12.54, 0.74, 349.69
13.96, 0.74, 360.43
12.54, 0.75, 360.43
13.49, 0.75, 360.43
13.96, 0.74, 360.43
14.35, 0.74, 360.43
14.66, 0.75, 349.69
13.22, 0.75, 349.69
12.62, 0.74, 349.69
14.25, 0.74, 338.95
12.87, 0.74, 338.95
12.46, 0.74, 328.20
12.54, 0.74, 338.95
12.46, 0.74, 338.95
14.35, 0.75, 338.95
13.77, 0.74, 338.95
12.71, 0.74, 349.69
14.25, 0.75, 338.95
12.22, 0.74, 338.95
13.49, 0.74, 349.69
14.15, 0.74, 349.69
14.56, 0.74, 349.69
14.15, 0.74, 338.95
14.35, 0.74, 338.95
14.15, 0.73, 338.95
13.86, 0.74, 349.69
12.46, 0.74, 338.95
13.40, 0.74, 338.95
14.56, 0.74, 338.95
14.56, 0.74, 338.95
12.62, 0.74, 349.69
14.35, 0.75, 349.69
12.46, 0.74, 349.69
13.58, 0.75, 349.69
14.56, 0.74, 349.69
14.05, 0.74, 349.69
13.58, 0.74, 349.69
12.62, 0.74, 360.43
12.96, 0.74, 349.69
12.96, 0.74, 349.69
14.56, 0.74, 349.69
12.54, 0.74, 349.69
12.30, 0.74, 338.95
13.86, 0.74, 338.95
14.35, 0.74, 349.69
13.67, 0.74, 349.69
14.45, 0.73, 338.95
12.71, 0.74, 338.95
13.96, 0.73, 349.69
13.67, 0.74, 349.69
14.15, 0.74, 349.69
12.46, 0.74, 349.69
14.45, 0.74, 360.43
12.30, 0.75, 371.17
12.46, 0.74, 371.17
13.13, 0.74, 371.17
12.62, 0.75, 371.17
12.96, 0.73, 371.17
13.58, 0.74, 371.17
12.62, 0.74, 371.17
13.40, 0.74, 360.43
13.58, 0.74, 360.43
13.96, 0.74, 349.69
12.62, 0.74, 349.69
12.38, 0.74, 338.95
14.15, 0.74, 338.95
12.30, 0.73, 338.95
14.35, 0.74, 338.95
13.22, 0.74, 349.69
12.22, 0.73, 338.95
12.79, 0.74, 349.69
14.77, 0.75, 349.69
12.46, 0.75, 360.43
13.77, 0.74, 360.43
14.25, 0.74, 360.43
14.35, 0.74, 360.43
12.30, 0.74, 360.43
14.35, 0.74, 360.43
12.30, 0.74, 349.69
12.96, 0.74, 349.69
14.45, 0.74, 349.69
12.38, 0.74, 349.69
13.67, 0.74, 349.69
13.31, 0.75, 338.95
12.62, 0.74, 338.95
14.66, 0.74, 338.95
13.67, 0.74, 338.95
12.30, 0.74, 349.69
13.86, 0.74, 349.69
13.86, 0.74, 349.69
13.40, 0.74, 338.95
13.86, 0.74, 338.95
13.04, 0.74, 338.95
12.71, 0.74, 338.95
14.35, 0.74, 338.95
12.30, 0.73, 349.69
13.96, 0.73, 338.95
14.25, 0.74, 338.95
14.35, 0.74, 338.95
13.40, 0.74, 338.95
13.86, 0.74, 338.95
13.13, 0.74, 349.69
14.35, 0.74, 349.69
14.25, 0.73, 338.95
13.96, 0.73, 338.95
14.15, 0.73, 338.95
13.67, 0.73, 349.69
13.67, 0.73, 349.69
14.25, 0.73, 349.69
14.35, 0.73, 349.69
14.66, 0.74, 349.69
14.25, 0.74, 349.69
14.05, 0.73, 349.69
12.62, 0.73, 349.69
13.96, 0.74, 349.69
12.46, 0.73, 349.69
13.67, 0.74, 349.69
12.30, 0.74, 349.69
13.22, 0.74, 349.69
12.62, 0.73, 349.69
14.05, 0.75, 338.95
13.96, 0.74, 338.95
12.62, 0.74, 349.69
14.05, 0.74, 349.69
14.25, 0.74, 349.69
12.87, 0.74, 349.69
14.25, 0.74, 349.69
12.30, 0.73, 349.69
13.77, 0.74, 349.69
12.38, 0.74, 349.69
14.25, 0.73, 349.69
13.13, 0.73, 360.43
12.30, 0.74, 349.69
12.87, 0.74, 349.69
12.62, 0.74, 349.69
14.25, 0.73, 349.69
12.62, 0.74, 349.69
13.86, 0.73, 349.69
12.54, 0.74, 349.69
13.04, 0.73, 349.69
14.77, 0.74, 349.69
14.45, 0.74, 349.69
12.46, 0.74, 349.69
14.35, 0.74, 338.95
14.25, 0.74, 338.95
12.46, 0.74, 338.95
14.35, 0.74, 338.95
12.38, 0.74, 349.69
13.58, 0.74, 349.69
12.30, 0.74, 349.69
13.40, 0.74, 349.69
13.22, 0.74, 349.69
13.13, 0.74, 349.69
14.77, 0.74, 349.69
14.25, 0.74, 349.69
14.25, 0.74, 349.69
13.31, 0.73, 349.69
13.40, 0.74, 349.69
13.31, 0.73, 349.69
13.40, 0.74, 360.43
13.49, 0.73, 349.69
12.54, 0.74, 349.69
12.71, 0.73, 349.69
14.56, 0.73, 349.69
14.25, 0.74, 349.69
14.35, 0.74, 349.69
13.04, 0.74, 349.69
12.07, 0.74, 349.69
14.56, 0.73, 349.69
14.45, 0.73, 349.69
12.46, 0.74, 349.69
14.45, 0.74, 360.43
13.86, 0.73, 360.43
14.66, 0.74, 349.69
13.22, 0.74, 360.43
12.96, 0.74, 360.43
12.38, 0.73, 360.43
13.31, 0.74, 360.43
13.67, 0.73, 360.43
12.38, 0.73, 360.43
12.96, 0.73, 349.69
13.58, 0.74, 349.69
12.54, 0.74, 349.69
14.45, 0.74, 349.69
14.45, 0.74, 349.69
14.77, 0.74, 338.95
14.05, 0.73, 349.69
13.67, 0.74, 349.69
14.45, 0.74, 349.69
13.77, 0.74, 349.69
14.45, 0.74, 349.69
12.54, 0.74, 349.69
13.86, 0.73, 349.69
12.87, 0.74, 349.69
12.22, 0.73, 349.69
13.67, 0.74, 349.69
13.22, 0.74, 349.69
12.46, 0.74, 349.69
14.05, 0.73, 349.69
12.96, 0.74, 349.69
14.25, 0.74, 360.43
14.56, 0.74, 360.43
12.96, 0.73, 360.43
14.56, 0.73, 360.43
14.25, 0.74, 360.43
14.45, 0.74, 360.43
13.77, 0.73, 360.43
12.46, 0.74, 349.69
14.56, 0.74, 349.69
13.58, 0.74, 349.69
14.56, 0.73, 349.69
13.13, 0.74, 349.69
14.77, 0.73, 349.69
14.35, 0.74, 338.95
12.71, 0.74, 338.95
14.77, 0.75, 338.95
14.66, 0.74, 349.69
13.58, 0.73, 349.69
13.04, 0.74, 349.69
14.45, 0.73, 349.69
12.62, 0.74, 349.69
13.49, 0.73, 349.69
13.67, 0.74, 349.69
14.35, 0.74, 360.43
12.87, 0.74, 360.43
12.54, 0.73, 360.43
14.77, 0.73, 349.69
12.46, 0.74, 349.69
14.05, 0.74, 349.69
13.22, 0.74, 349.69
14.05, 0.72, 349.69
14.45, 0.74, 349.69
14.35, 0.74, 349.69
13.31, 0.74, 338.95
14.05, 0.73, 338.95
13.22, 0.74, 338.95
13.96, 0.74, 328.20
12.71, 0.74, 338.95
14.66, 0.74, 338.95
14.77, 0.74, 328.20
13.22, 0.74, 328.20
14.35, 0.74, 328.20
13.49, 0.73, 328.20
14.35, 0.74, 328.20
13.22, 0.72, 328.20
13.86, 0.73, 328.20
12.96, 0.73, 338.95
14.35, 0.75, 349.69
13.67, 0.74, 338.95
14.66, 0.74, 349.69
13.31, 0.74, 349.69
12.54, 0.74, 349.69
14.15, 0.73, 360.43
13.04, 0.74, 360.43
13.96, 0.75, 360.43
14.77, 0.74, 360.43
14.35, 0.74, 360.43
13.40, 0.74, 349.69
14.45, 0.74, 360.43
14.25, 0.75, 360.43
14.05, 0.74, 349.69
12.46, 0.75, 349.69
14.25, 0.75, 360.43
12.22, 0.74, 360.43
13.77, 0.74, 360.43
14.45, 0.74, 360.43
12.22, 0.75, 360.43
12.96, 0.74, 360.43
13.31, 0.74, 349.69
12.71, 0.74, 349.69
12.54, 0.74, 360.43
12.46, 0.74, 360.43
14.15, 0.74, 349.69
14.35, 0.74, 349.69
12.54, 0.74, 349.69
14.25, 0.74, 349.69
14.45, 0.74, 349.69
14.56, 0.75, 360.43
12.96, 0.75, 360.43
14.45, 0.74, 349.69
12.30, 0.74, 349.69
13.67, 0.74, 349.69
12.62, 0.74, 349.69
13.67, 0.74, 338.95
13.22, 0.74, 349.69
13.13, 0.75, 338.95
12.46, 0.74, 349.69
14.35, 0.74, 338.95
14.66, 0.75, 349.69
11.99, 0.75, 360.43
14.77, 0.74, 360.43
13.86, 0.74, 360.43
14.05, 0.73, 360.43
12.54, 0.74, 349.69
14.66, 0.74, 349.69
13.31, 0.74, 360.43
12.87, 0.74, 349.69
14.77, 0.73, 349.69
14.45, 0.73, 349.69
14.77, 0.74, 349.69
14.66, 0.74, 349.69
14.45, 0.74, 349.69
14.87, 0.74, 360.43
14.15, 0.74, 360.43
12.87, 0.75, 360.43
14.66, 0.74, 360.43
14.45, 0.75, 360.43
14.66, 0.76, 360.43
13.22, 0.75, 360.43
13.40, 0.73, 349.69
14.87, 0.74, 349.69
13.86, 0.74, 349.69
13.86, 0.74, 349.69
14.45, 0.73, 338.95
13.96, 0.74, 338.95
13.13, 0.74, 338.95
14.66, 0.75, 338.95
13.22, 0.75, 338.95
13.31, 0.75, 338.95
14.35, 0.75, 338.95
14.35, 0.75, 338.95
12.71, 0.75, 338.95
14.45, 0.74, 349.69
14.25, 0.74, 349.69
12.38, 0.74, 349.69
14.56, 0.74, 349.69
12.30, 0.74, 338.95
14.35, 0.74, 338.95
14.35, 0.74, 338.95
14.05, 0.73, 338.95
13.40, 0.74, 338.95
13.22, 0.74, 349.69
14.66, 0.74, 349.69
12.38, 0.74, 349.69
12.54, 0.75, 349.69
13.04, 0.74, 360.43
12.46, 0.74, 360.43
12.87, 0.74, 360.43
12.54, 0.75, 349.69
12.87, 0.74, 349.69
12.54, 0.75, 349.69
12.71, 0.75, 349.69
14.35, 0.75, 349.69
13.86, 0.74, 349.69
14.98, 0.74, 360.43
12.46, 0.75, 360.43
12.46, 0.75, 360.43
14.56, 0.74, 360.43
13.77, 0.74, 371.17
14.66, 0.75, 371.17
13.13, 0.75, 371.17
12.71, 0.74, 371.17
13.67, 0.74, 371.17
14.35, 0.73, 371.17
12.71, 0.74, 360.43
13.77, 0.75, 349.69
12.62, 0.75, 360.43
13.77, 0.75, 349.69
14.35, 0.74, 349.69
14.15, 0.74, 349.69
12.87, 0.75, 349.69
14.05, 0.74, 360.43
13.86, 0.73, 360.43
12.71, 0.74, 360.43
14.66, 0.74, 360.43
14.25, 0.74, 360.43
12.38, 0.74, 349.69
14.35, 0.74, 349.69
14.66, 0.75, 360.43
14.35, 0.74, 360.43
14.56, 0.74, 349.69
14.56, 0.75, 349.69
14.25, 0.74, 349.69
14.77, 0.74, 349.69
14.45, 0.74, 349.69
14.05, 0.74, 349.69
15.09, 0.75, 349.69
13.58, 0.74, 349.69
14.25, 0.74, 360.43
13.67, 0.75, 360.43
13.49, 0.75, 360.43
14.35, 0.74, 360.43
14.25, 0.74, 360.43
13.22, 0.74, 371.17
14.66, 0.75, 371.17
12.62, 0.74, 371.17
13.04, 0.74, 371.17
13.04, 0.74, 371.17
14.35, 0.74, 360.43
12.71, 0.74, 349.69
12.87, 0.74, 360.43
12.96, 0.75, 360.43
13.96, 0.74, 349.69
13.04, 0.74, 349.69
14.45, 0.74, 349.69
14.66, 0.73, 349.69
14.87, 0.73, 349.69
13.58, 0.74, 349.69
12.54, 0.74, 349.69
14.77, 0.75, 349.69
14.45, 0.74, 349.69
13.22, 0.74, 338.95
14.35, 0.74, 349.69
14.66, 0.75, 349.69
14.56, 0.74, 338.95
14.66, 0.73, 338.95
14.56, 0.74, 338.95
12.87, 0.74, 338.95
14.35, 0.74, 349.69
14.45, 0.74, 349.69
14.77, 0.74, 349.69
14.66, 0.75, 349.69
12.54, 0.74, 349.69
14.45, 0.74, 349.69
13.31, 0.74, 349.69
13.40, 0.74, 349.69
14.25, 0.74, 349.69
14.45, 0.74, 349.69
13.96, 0.74, 349.69
12.54, 0.74, 360.43
13.40, 0.74, 349.69
12.46, 0.74, 349.69
14.35, 0.74, 349.69
13.40, 0.73, 349.69
12.62, 0.74, 349.69
13.31, 0.74, 349.69
14.66, 0.74, 349.69
14.45, 0.74, 338.95
14.56, 0.74, 349.69
14.56, 0.74, 338.95
13.31, 0.74, 338.95
13.22, 0.74, 338.95
15.09, 0.74, 349.69
12.87, 0.75, 349.69
13.31, 0.74, 349.69
12.71, 0.74, 338.95
13.86, 0.75, 338.95
14.56, 0.74, 349.69
12.46, 0.74, 349.69
12.46, 0.74, 349.69
13.40, 0.75, 360.43
13.86, 0.74, 349.69
14.56, 0.74, 360.43
12.87, 0.74, 360.43
14.87, 0.74, 360.43
14.15, 0.74, 360.43
14.35, 0.74, 360.43
14.35, 0.75, 349.69
13.58, 0.74, 349.69
13.40, 0.74, 338.95
14.25, 0.74, 349.69
13.77, 0.74, 338.95
14.35, 0.74, 338.95
13.96, 0.74, 328.20
13.04, 0.73, 328.20
14.35, 0.74, 338.95
14.66, 0.75, 328.20
14.45, 0.74, 338.95
13.49, 0.74, 338.95
14.35, 0.74, 328.20
13.49, 0.75, 328.20
12.96, 0.74, 338.95
14.77, 0.73, 349.69
15.09, 0.73, 349.69
14.05, 0.74, 349.69
15.09, 0.74, 349.69
13.67, 0.74, 349.69
12.96, 0.75, 338.95
14.15, 0.74, 349.69
14.66, 0.74, 349.69
12.87, 0.74, 349.69
13.77, 0.75, 349.69
12.54, 0.74, 349.69
13.31, 0.74, 349.69
14.45, 0.74, 349.69
14.66, 0.74, 360.43
15.09, 0.74, 360.43
12.96, 0.74, 360.43
13.58, 0.74, 360.43
14.77, 0.74, 360.43
14.56, 0.73, 360.43
14.45, 0.75, 360.43
13.96, 0.75, 360.43
14.98, 0.74, 371.17
12.71, 0.74, 360.43
12.62, 0.75, 360.43
14.56, 0.74, 360.43
12.62, 0.74, 360.43
14.35, 0.74, 349.69
14.77, 0.75, 349.69
14.35, 0.74, 349.69
14.35, 0.74, 360.43
14.77, 0.74, 349.69
12.62, 0.75, 338.95
14.35, 0.75, 338.95
13.22, 0.74, 349.69
14.05, 0.74, 349.69
12.87, 0.74, 349.69
14.98, 0.75, 349.69
13.86, 0.75, 338.95
14.05, 0.75, 349.69
14.77, 0.75, 338.95
12.87, 0.74, 338.95
14.05, 0.74, 338.95
14.45, 0.74, 349.69
13.40, 0.74, 349.69
15.09, 0.74, 349.69
14.77, 0.74, 349.69
15.09, 0.74, 349.69
14.05, 0.74, 349.69
13.31, 0.75, 349.69
14.77, 0.74, 349.69
13.96, 0.74, 349.69
14.25, 0.74, 349.69
14.66, 0.74, 349.69
12.54, 0.75, 349.69
13.31, 0.74, 349.69
13.04, 0.74, 349.69
13.58, 0.74, 360.43
14.56, 0.75, 360.43
12.71, 0.74, 360.43
14.56, 0.74, 360.43
14.05, 0.73, 360.43
13.86, 0.74, 360.43
13.67, 0.74, 360.43
13.86, 0.73, 360.43
13.77, 0.74, 360.43
13.77, 0.75, 349.69
12.46, 0.74, 349.69
12.71, 0.74, 338.95
12.54, 0.74, 349.69
13.04, 0.74, 349.69
14.66, 0.74, 349.69
13.67, 0.74, 349.69
13.31, 0.75, 349.69
14.35, 0.75, 360.43
12.62, 0.74, 360.43
14.35, 0.74, 360.43
13.58, 0.74, 360.43
14.45, 0.74, 360.43
12.71, 0.74, 360.43
12.71, 0.73, 349.69
12.62, 0.74, 360.43
14.15, 0.74, 349.69
14.77, 0.74, 349.69
14.35, 0.73, 349.69
13.49, 0.75, 360.43
13.31, 0.75, 360.43
14.45, 0.73, 349.69
12.62, 0.74, 349.69
14.77, 0.74, 349.69
14.35, 0.74, 360.43
13.22, 0.74, 360.43
12.46, 0.74, 360.43
14.77, 0.74, 360.43
14.35, 0.74, 360.43
13.31, 0.74, 349.69
14.05, 0.74, 360.43
14.45, 0.74, 360.43
13.04, 0.74, 360.43
12.87, 0.74, 349.69
12.62, 0.74, 349.69
14.05, 0.75, 349.69
15.09, 0.74, 338.95
12.96, 0.73, 349.69
13.22, 0.75, 349.69
15.09, 0.76, 349.69
13.13, 0.74, 338.95
13.22, 0.73, 349.69
13.13, 0.75, 349.69
14.66, 0.74, 349.69
14.77, 0.74, 349.69
14.05, 0.74, 349.69
14.15, 0.75, 360.43
12.71, 0.74, 349.69
14.56, 0.74, 360.43
14.45, 0.73, 360.43
14.66, 0.74, 360.43
12.96, 0.74, 360.43
14.05, 0.74, 360.43
13.77, 0.74, 360.43
14.56, 0.74, 360.43
14.05, 0.74, 371.17
14.56, 0.75, 360.43
12.71, 0.74, 360.43
12.71, 0.74, 360.43
14.56, 0.73, 360.43
14.56, 0.73, 360.43
14.77, 0.74, 349.69
12.96, 0.74, 338.95
14.66, 0.75, 338.95
14.56, 0.75, 349.69
13.86, 0.75, 338.95
14.77, 0.75, 349.69
14.35, 0.74, 349.69
13.40, 0.73, 349.69
15.20, 0.74, 349.69
12.54, 0.74, 349.69
14.77, 0.74, 349.69
14.56, 0.74, 360.43
12.71, 0.74, 360.43
14.35, 0.74, 360.43
13.77, 0.73, 360.43
14.98, 0.74, 349.69
14.05, 0.74, 349.69
14.45, 0.75, 349.69
14.87, 0.73, 338.95
13.40, 0.75, 349.69
13.67, 0.74, 349.69
12.71, 0.74, 338.95
13.49, 0.74, 338.95
14.35, 0.75, 349.69
14.35, 0.75, 349.69
14.87, 0.75, 338.95
14.15, 0.73, 349.69
13.58, 0.75, 338.95
13.04, 0.73, 349.69
12.71, 0.74, 338.95
15.09, 0.74, 349.69
13.86, 0.74, 349.69
13.40, 0.74, 349.69
13.86, 0.73, 349.69
13.31, 0.74, 360.43
14.25, 0.74, 349.69
14.77, 0.74, 360.43
14.66, 0.74, 360.43
14.45, 0.74, 360.43
12.71, 0.74, 360.43
14.98, 0.74, 360.43
12.71, 0.74, 360.43
13.31, 0.73, 360.43
15.09, 0.74, 349.69
14.66, 0.72, 349.69
14.77, 0.73, 349.69
15.20, 0.74, 349.69
14.05, 0.74, 349.69
14.35, 0.74, 349.69
14.77, 0.74, 349.69
12.62, 0.74, 349.69
15.09, 0.74, 349.69
14.05, 0.73, 349.69
12.71, 0.74, 360.43
12.71, 0.74, 360.43
15.09, 0.74, 360.43
13.13, 0.74, 360.43
13.58, 0.75, 371.17
13.13, 0.74, 371.17
12.96, 0.74, 371.17
14.77, 0.73, 360.43
13.31, 0.74, 371.17
14.56, 0.74, 371.17
13.04, 0.74, 371.17
12.79, 0.73, 371.17
12.71, 0.75, 360.43
14.45, 0.74, 360.43
14.35, 0.74, 371.17
12.96, 0.74, 371.17
14.98, 0.74, 371.17
14.35, 0.74, 371.17
14.35, 0.74, 360.43
13.40, 0.73, 360.43
13.04, 0.75, 360.43
14.87, 0.74, 360.43
14.35, 0.74, 360.43
14.66, 0.73, 360.43
14.05, 0.74, 349.69
15.20, 0.74, 338.95
14.05, 0.74, 338.95
14.25, 0.74, 338.95
12.71, 0.74, 338.95
13.22, 0.75, 328.20
14.66, 0.74, 328.20
13.13, 0.74, 328.20
13.04, 0.74, 338.95
14.45, 0.74, 349.69
13.13, 0.73, 349.69
13.86, 0.74, 349.69
14.05, 0.74, 349.69
12.54, 0.73, 349.69
15.09, 0.74, 349.69
14.25, 0.73, 360.43
12.71, 0.73, 360.43
14.77, 0.74, 360.43
13.96, 0.73, 360.43
14.45, 0.74, 349.69
14.05, 0.74, 349.69
14.45, 0.74, 349.69
14.56, 0.73, 349.69
14.45, 0.74, 349.69
14.87, 0.74, 349.69
14.45, 0.74, 349.69
12.87, 0.74, 349.69
13.31, 0.74, 349.69
14.77, 0.74, 349.69
14.25, 0.73, 349.69
14.66, 0.74, 349.69
15.20, 0.74, 349.69
12.62, 0.74, 360.43
14.56, 0.75, 349.69
13.67, 0.74, 349.69
12.79, 0.75, 349.69
14.56, 0.74, 338.95
13.77, 0.74, 338.95
12.96, 0.74, 338.95
14.87, 0.74, 338.95
13.96, 0.74, 349.69
13.04, 0.73, 349.69
14.45, 0.74, 349.69
15.09, 0.74, 349.69
13.96, 0.74, 338.95
14.45, 0.73, 338.95
12.71, 0.74, 338.95
12.62, 0.75, 338.95
12.96, 0.74, 349.69
13.40, 0.74, 349.69
13.86, 0.74, 338.95
13.67, 0.74, 338.95
14.25, 0.74, 338.95
13.31, 0.74, 349.69
14.77, 0.74, 349.69
14.05, 0.74, 338.95
12.87, 0.74, 338.95
12.71, 0.74, 338.95
13.67, 0.74, 328.20
15.78, 0.75, 360.43
15.54, 0.74, 360.43
15.20, 0.74, 360.43
14.05, 0.74, 349.69
15.54, 0.74, 360.43
13.31, 0.74, 349.69
13.40, 0.74, 349.69
13.22, 0.75, 349.69
15.54, 0.75, 349.69
15.78, 0.74, 349.69
14.15, 0.73, 360.43
15.09, 0.73, 360.43
13.49, 0.73, 360.43
15.31, 0.74, 371.17
15.43, 0.74, 371.17
14.87, 0.75, 360.43
14.87, 0.74, 360.43
14.66, 0.74, 360.43
15.66, 0.75, 360.43
13.13, 0.74, 360.43
14.56, 0.73, 360.43
14.66, 0.74, 360.43
14.05, 0.75, 360.43
14.77, 0.74, 349.69
14.66, 0.75, 349.69
15.54, 0.75, 349.69
13.86, 0.74, 349.69
14.66, 0.74, 349.69
16.02, 0.74, 349.69
15.31, 0.74, 360.43
15.20, 0.74, 360.43
14.66, 0.74, 360.43
13.77, 0.75, 349.69
13.77, 0.76, 360.43
14.35, 0.76, 360.43
